89.3 
89.2 
84.8 
578.0
1329.0
2574.0
1957.0
1322.0
573.0
72.1 
71.9 
317.0
72.2 
76.3 
72.1 
72.1 
72.1 
72.2 
72.2 
67.8 
68.0 
67.9 
68.2 
67.8 
63.6 
63.5 
307.0
313.0
63.6 
63.6 
63.7 
811.0
63.6 
59.4 
59.4 
59.6 
59.4 
300.0
0.0  
50.9 
294.0
50.8 
50.9 
50.8 
50.8 
46.5 
46.6 
46.6 
42.4 
42.8 
293.0
42.4 
290.0
42.3 
42.3 
289.0
42.3 
42.3 
538.0
38.0 
289.0
791.0
42.3 
788.0
42.7 
532.0
38.2 
538.0
290.0
42.4 
161.0
406.0
913.0
907.0
42.3 
416.0
42.2 
539.0
291.0
38.1 
38.1 
288.0
38.0 
414.0
42.3 
416.0
792.0
42.3 
37.9 
42.3 
540.0
789.0
283.0
42.4 
42.3 
42.5 
161.0
664.0
42.3 
0.0  
38.6 
287.0
161.0
413.0
161.0
412.0
537.0
42.4 
289.0
38.0 
539.0
42.3 
414.0
788.0
42.3 
413.0
42.3 
287.0
42.2 
540.0
42.4 
38.0 
657.0
42.9 
42.3 
282.0
42.4 
161.0
38.2 
38.2 
662.0
538.0
0.0  
281.0
900.0
157.0
284.0
283.0
410.0
161.0
161.0
535.0
410.0
161.0
529.0
161.0
161.0
161.0
161.0
161.0
161.0
787.0
415.0
539.0
42.3 
413.0
539.0
533.0
665.0
42.3 
42.3 
0.0  
657.0
157.0
406.0
157.0
157.0
410.0
157.0
0.0  
153.0
528.0
157.0
157.0
157.0
157.0
781.0
282.0
157.0
157.0
0.0  
149.0
894.0
520.0
279.0
279.0
153.0
396.0
278.0
282.0
778.0
530.0
399.0
157.0
282.0
157.0
659.0
282.0
282.0
283.0
161.0
785.0
161.0
161.0
161.0
161.0
161.0
539.0
415.0
287.0
407.0
38.0 
161.0
532.0
38.0 
540.0
42.4 
540.0
42.2 
414.0
1415.0
783.0
161.0
161.0
157.0
285.0
161.0
161.0
161.0
161.0
653.0
161.0
161.0
161.0
408.0
287.0
0.0  
657.0
279.0
157.0
900.0
157.0
283.0
157.0
157.0
161.0
284.0
412.0
161.0
404.0
404.0
161.0
161.0
161.0
411.0
289.0
537.0
161.0
415.0
0.0  
409.0
533.0
157.0
157.0
157.0
157.0
157.0
281.0
285.0
287.0
1529.0
780.0
161.0
161.0
289.0
541.0
288.0
413.0
42.4 
413.0
42.2 
0.0  
157.0
157.0
157.0
157.0
161.0
161.0
161.0
161.0
161.0
404.0
405.0
161.0
286.0
284.0
290.0
415.0
37.9 
42.2 
42.3 
284.0
0.0  
420.0
42.8 
46.7 
46.7 
46.4 
46.7 
46.6 
42.3 
47.0 
47.0 
46.5 
46.6 
46.6 
47.0 
541.0
46.4 
50.8 
46.5 
50.9 
50.7 
50.8 
50.9 
300.0
50.8 
0.0  
296.0
289.0
922.0
46.6 
47.1 
50.9 
50.8 
46.6 
50.9 
292.0
292.0
50.9 
51.2 
51.2 
50.8 
50.7 
50.8 
50.8 
0.0  
46.5 
46.6 
46.5 
46.6 
47.0 
46.7 
47.0 
47.0 
46.5 
0.0  
161.0
912.0
161.0
663.0
161.0
285.0
285.0
161.0
161.0
284.0
285.0
157.0
408.0
284.0
157.0
152.0
523.0
157.0
153.0
647.0
152.0
153.0
281.0
396.0
152.0
152.0
152.0
153.0
0.0  
153.0
278.0
153.0
393.0
399.0
275.0
149.0
0.0  
648.0
148.0
148.0
639.0
144.0
144.0
637.0
144.0
386.0
268.0
144.0
144.0
265.0
265.0
634.0
140.0
140.0
140.0
137.0
514.0
136.0
387.0
262.0
0.0  
132.0
127.0
254.0
127.0
252.0
376.0
0.0  
240.0
114.0
359.0
239.0
114.0
110.0
114.0
110.0
110.0
110.0
110.0
110.0
110.0
106.0
350.0
106.0
229.0
229.0
106.0
106.0
101.0
101.0
101.0
343.0
101.0
221.0
98.1 
345.0
345.0
0.0  
0.0  
80.7 
80.6 
452.0
81.2 
321.0
76.4 
76.5 
76.3 
76.4 
324.0
72.0 
72.2 
72.1 
72.1 
72.8 
693.0
67.8 
67.8 
67.8 
68.3 
308.0
63.7 
63.5 
63.7 
305.0
63.6 
59.3 
59.3 
0.0  
303.0
59.3 
0.0  
174.0
50.9 
50.8 
51.2 
50.8 
541.0
46.5 
46.7 
46.5 
46.4 
42.4 
42.6 
42.5 
38.1 
38.0 
537.0
412.0
161.0
285.0
779.0
405.0
161.0
911.0
161.0
161.0
534.0
161.0
161.0
534.0
402.0
157.0
157.0
405.0
407.0
157.0
531.0
157.0
281.0
152.0
153.0
153.0
276.0
153.0
153.0
153.0
153.0
153.0
148.0
148.0
148.0
148.0
144.0
144.0
521.0
391.0
144.0
390.0
140.0
140.0
382.0
140.0
136.0
140.0
135.0
514.0
136.0
388.0
136.0
0.0  
502.0
621.0
379.0
251.0
127.0
123.0
618.0
123.0
246.0
123.0
123.0
496.0
123.0
119.0
118.0
370.0
118.0
359.0
242.0
238.0
114.0
114.0
114.0
110.0
360.0
110.0
110.0
602.0
110.0
110.0
106.0
354.0
348.0
106.0
347.0
102.0
102.0
345.0
102.0
344.0
343.0
0.0  
93.5 
93.4 
93.3 
93.4 
93.4 
0.0  
340.0
89.6 
89.1 
332.0
89.2 
88.8 
84.9 
85.0 
85.1 
84.8 
84.9 
85.3 
80.6 
80.7 
80.6 
80.6 
80.7 
76.5 
0.0  
561.0
318.0
0.0  
318.0
68.0 
68.3 
0.0  
59.4 
59.3 
301.0
55.0 
59.3 
55.1 
55.1 
55.1 
0.0  
55.1 
55.1 
55.2 
55.0 
546.0
55.2 
50.8 
51.3 
299.0
51.3 
50.8 
46.5 
46.5 
46.5 
46.7 
293.0
42.4 
42.3 
42.3 
38.0 
42.3 
539.0
788.0
42.9 
38.0 
532.0
1295.0
655.0
157.0
529.0
152.0
153.0
153.0
152.0
277.0
148.0
153.0
277.0
272.0
0.0  
269.0
266.0
144.0
140.0
140.0
382.0
140.0
140.0
381.0
136.0
135.0
136.0
135.0
136.0
260.0
131.0
132.0
131.0
131.0
503.0
131.0
0.0  
119.0
118.0
119.0
118.0
114.0
366.0
114.0
114.0
114.0
355.0
110.0
110.0
359.0
110.0
351.0
234.0
480.0
232.0
106.0
106.0
106.0
599.0
106.0
106.0
106.0
106.0
102.0
355.0
106.0
604.0
106.0
353.0
102.0
101.0
351.0
102.0
0.0  
102.0
101.0
347.0
97.6 
98.1 
346.0
97.6 
93.3 
93.5 
93.3 
93.4 
93.4 
89.2 
89.2 
333.0
89.0 
89.2 
331.0
89.1 
212.0
84.9 
84.8 
0.0  
76.4 
76.3 
76.3 
76.8 
76.3 
76.5 
0.0  
68.3 
68.0 
68.0 
315.0
308.0
63.7 
63.4 
63.6 
63.7 
63.8 
59.3 
59.7 
59.2 
59.3 
59.3 
59.2 
59.3 
55.1 
299.0
55.1 
55.2 
55.0 
54.9 
55.2 
178.0
55.1 
51.4 
50.8 
50.8 
46.6 
46.4 
46.6 
0.0  
46.5 
46.4 
46.6 
46.6 
42.3 
0.0  
161.0
161.0
410.0
412.0
161.0
285.0
285.0
161.0
401.0
0.0  
152.0
153.0
398.0
404.0
395.0
276.0
152.0
153.0
152.0
518.0
153.0
152.0
148.0
148.0
1392.0
635.0
144.0
144.0
392.0
144.0
144.0
263.0
515.0
140.0
140.0
263.0
140.0
381.0
140.0
388.0
140.0
140.0
140.0
140.0
136.0
0.0  
127.0
127.0
127.0
127.0
123.0
127.0
123.0
623.0
127.0
123.0
123.0
123.0
0.0  
123.0
123.0
123.0
0.0  
114.0
114.0
114.0
491.0
114.0
114.0
110.0
110.0
110.0
110.0
232.0
110.0
110.0
356.0
110.0
483.0
106.0
106.0
106.0
348.0
106.0
106.0
106.0
354.0
106.0
106.0
101.0
345.0
846.0
106.0
101.0
102.0
102.0
101.0
101.0
468.0
101.0
0.0  
93.5 
93.3 
93.4 
340.0
595.0
93.8 
216.0
93.4 
93.5 
89.1 
93.3 
89.7 
89.7 
89.2 
89.1 
338.0
89.0 
89.2 
89.1 
330.0
89.1 
84.9 
335.0
84.9 
84.9 
85.2 
80.6 
325.0
84.8 
80.6 
332.0
80.7 
80.6 
81.1 
76.2 
0.0  
196.0
67.8 
312.0
72.2 
312.0
67.9 
68.3 
67.8 
67.8 
67.9 
64.1 
64.1 
63.7 
63.6 
63.6 
63.6 
59.3 
59.7 
59.3 
59.2 
59.3 
55.1 
55.0 
298.0
55.2 
55.1 
55.0 
55.2 
55.0 
55.1 
55.1 
55.1 
50.8 
51.3 
50.8 
50.8 
47.1 
47.0 
46.6 
46.5 
46.7 
42.3 
42.3 
286.0
46.9 
43.3 
42.3 
293.0
42.8 
292.0
42.3 
0.0  
161.0
404.0
287.0
