24
268
22
268
24
328
20
267
268
20
21
20
267
267
153
42
200
268
21
268
267
23
24
268
22
264
20
406
21
368
24
21
268
21
268
158
20
19
25
215
268
25
24
268
21
22
268
24
267
25
22
264
264
25
264
26
22
15
267
156
24
24
181
264
20
25
24
264
265
24
25
268
156
25
268
26
268
46
97
82
268
25
264
268
20
24
19
268
159
21
197
264
25
264
21
265
25
265
25
264
267
25
268
20
268
24
23
25
20
43
25
85
19
20
37
24
204
264
20
393
158
264
25
25
267
268
20
23
264
24
15
20
21
24
264
20
264
20
268
21
267
21
265
25
25
264
24
23
263
20
15
264
268
24
264
20
23
267
264
20
264
159
264
160
15
21
80
95
88
268
24
25
268
20
24
267
267
20
267
24
25
22
268
264
24
24
18
20
24
25
21
267
61
265
28
265
245
25
268
20
268
21
20
25
19
125
20
175
19
20
25
268
265
24
264
22
264
158
21
268
25
264
24
268
23
21
264
20
25
267
264
20
267
158
24
242
25
25
268
25
24
211
25
265
15
237
270
184
215
264
264
212
268
25
267
25
264
24
20
264
156
25
21
268
20
267
25
24
267
71
83
64
146
43
264
20
20
268
268
25
20
264
25
268
24
264
25
267
21
24
264
25
264
265
25
19
33
15
20
64
147
94
48
105
70
155
103
129
55
118
142
20
265
25
20
21
18
24
27
268
268
25
268
21
20
23
268
20
19
24
16
22
33
21
402
20
20
264
156
264
268
24
244
267
20
264
21
25
268
25
25
264
264
21
25
268
21
265
24
20
268
265
154
65
126
65
133
40
128
25
121
94
58
118
212
263
20
24
23
19
264
270
268
264
20
20
17
264
24
267
268
25
267
267
24
20
19
20
20
17
264
21
18
24
20
19
220
104
79
56
64
125
107
146
35
95
20
264
21
25
23
268
25
185
24
24
267
25
25
268
21
25
22
20
20
267
268
20
264
23
267
25
265
20
264
264
168
264
264
24
25
264
21
268
24
268
205
120
24
268
26
267
21
265
19
21
189
65
138
70
81
87
77
25
23
22
264
20
21
267
25
25
268
25
20
264
156
267
21
19
185
76
114
125
43
64
113
130
138
87
50
39
120
119
29
50
125
65
395
24
264
265
21
25
21
23
268
25
25
268
21
24
264
24
23
24
24
268
158
267
264
25
19
21
35
79
25
270
260
264
23
264
20
264
21
20
20
264
106
106
57
65
98
111
181
92
89
74
55
75
65
112
56
66
129
65
113
283
78
24
267
22
268
157
25
19
15
21
36
157
268
25
21
198
21
25
26
21
268
258
265
21
25
267
25
20
19
110
59
268
189
50
264
21
268
25
25
264
264
264
264
264
156
24
264
23
265
265
24
25
20
268
24
267
20
25
235
25
25
265
24
21
19
30
20
19
265
331
20
268
25
24
264
264
24
264
268
21
22
264
21
20
268
158
265
268
264
25
21
268
25
264
268
143
20
21
33
20
165
20
24
264
160
268
264
24
268
159
268
25
268
25
268
25
268
24
265
25
166
17
268
25
20
25
264
264
25
268
24
264
156
217
185
69
128
251
15
15
30
25
264
25
24
267
189
264
20
264
264
79
268
20
22
265
25
15
85
268
21
265
25
25
25
267
264
25
23
268
22
268
25
265
116
