21
25
268
24
264
24
264
25
21
264
268
264
25
25
253
268
265
21
264
20
264
25
21
267
265
20
264
20
264
268
25
268
20
268
20
23
268
23
264
20
25
265
265
21
264
264
24
21
22
264
264
24
268
24
22
264
24
180
25
268
24
267
24
20
264
267
243
24
24
22
267
199
267
25
268
24
264
21
175
184
181
26
264
267
21
264
21
264
21
268
25
268
24
23
23
21
21
264
161
25
21
264
267
24
264
265
25
20
268
21
24
265
26
268
264
264
24
24
24
181
264
25
265
24
21
21
268
25
24
264
264
25
17
20
21
21
25
268
268
24
268
159
268
25
205
25
20
26
268
268
21
264
26
268
25
264
25
20
268
277
265
24
24
264
268
24
24
18
149
38
133
70
120
100
21
65
268
382
61
168
19
268
22
268
158
264
264
264
21
268
268
24
20
268
26
264
24
21
265
268
173
267
160
268
234
25
20
268
24
19
184
15
264
156
264
21
25
264
20
264
268
189
277
24
24
191
20
268
25
24
268
158
268
24
268
23
264
20
268
25
264
157
268
24
264
25
20
117
265
159
25
20
24
181
25
265
24
268
21
264
21
19
267
20
268
24
24
263
264
22
268
24
264
24
24
267
25
159
260
20
264
264
20
20
267
24
24
268
24
264
24
24
265
25
15
264
25
268
158
268
22
25
264
267
24
230
268
267
25
20
265
21
25
264
20
264
267
20
23
24
264
20
268
25
268
21
24
19
21
20
268
159
264
21
265
268
23
265
23
24
264
264
268
23
22
18
25
21
267
25
24
268
265
20
268
20
267
20
264
24
21
264
268
25
264
25
20
25
25
268
220
23
264
21
22
265
24
25
268
268
20
264
25
268
25
264
20
268
20
266
264
24
268
24
268
20
21
264
267
23
24
268
268
158
24
264
24
24
264
25
25
185
25
264
24
25
268
17
25
181
25
21
268
25
24
221
268
23
268
27
268
24
23
24
27
268
264
20
268
264
21
264
24
22
24
21
264
25
24
331
220
230
24
150
265
24
24
25
264
264
25
264
25
21
24
28
271
43
263
184
20
135
95
26
25
264
267
20
264
220
25
267
157
24
267
263
24
20
119
35
175
72
268
20
264
20
264
25
25
25
264
264
269
21
264
20
264
24
264
21
25
264
24
268
21
268
25
22
24
264
264
19
264
20
268
265
157
25
20
18
15
25
47
199
264
22
21
264
25
265
25
268
25
265
25
21
268
25
264
24
25
268
25
268
25
25
24
264
268
25
268
268
265
20
268
159
268
25
191
264
20
15
268
22
264
24
25
24
264
159
264
21
235
25
264
25
25
268
264
21
19
98
18
54
268
20
21
20
264
21
25
268
268
21
268
264
21
25
268
265
25
