24
267
23
25
25
268
268
25
25
268
23
253
25
268
21
21
17
25
25
264
243
24
25
264
24
267
24
264
20
268
25
21
264
25
25
268
24
25
268
268
22
25
264
24
21
23
268
263
21
268
20
22
20
268
265
268
21
25
264
264
24
268
21
25
268
264
20
263
24
25
268
268
21
264
24
268
21
25
17
30
16
26
24
268
264
23
264
25
20
21
48
214
264
24
268
25
268
24
24
25
264
24
265
21
264
20
21
268
268
25
268
21
264
21
267
25
264
24
268
25
24
268
264
20
268
24
267
25
268
25
25
264
25
268
23
20
21
21
17
21
22
214
268
24
20
268
21
21
264
24
268
25
268
268
24
268
25
23
267
263
24
264
23
268
25
21
235
268
23
267
23
20
25
23
263
264
268
267
21
264
250
20
24
19
264
160
20
267
25
268
25
268
25
267
20
265
25
21
268
20
25
264
160
265
21
268
25
22
264
25
21
265
264
268
268
25
268
160
25
268
25
212
267
160
268
24
25
264
20
21
20
16
21
39
31
267
24
21
15
25
19
25
19
33
25
21
265
264
25
265
24
24
264
21
268
25
264
20
25
268
268
25
264
160
268
21
268
25
268
21
268
21
264
268
198
21
24
20
265
268
24
25
16
264
160
25
21
268
268
20
268
277
264
159
25
268
25
252
268
25
268
268
268
25
25
268
268
268
20
264
21
268
21
22
264
24
266
158
138
100
66
144
264
21
24
264
25
265
23
23
264
21
21
21
20
264
25
267
268
25
265
19
264
24
25
23
264
159
268
19
264
25
24
264
264
25
21
267
268
23
267
25
264
24
181
25
20
264
264
264
155
435
18
145
264
268
25
332
268
20
267
21
25
25
25
264
267
21
25
268
264
25
268
25
22
264
264
25
15
31
20
24
264
25
21
265
21
25
268
21
268
251
25
21
25
268
264
24
25
23
23
25
25
88
127
19
267
24
264
158
264
25
268
268
22
268
25
268
21
24
26
264
21
268
25
264
25
20
25
19
21
22
276
