25
25
264
25
22
267
237
265
20
25
24
264
21
23
264
24
265
20
24
25
264
228
268
20
25
265
25
26
252
268
268
220
25
24
26
268
21
152
289
265
25
181
268
20
268
25
16
20
24
25
24
128
19
24
267
220
268
24
268
21
267
20
63
178
25
264
24
26
267
267
25
268
20
25
264
264
267
264
21
264
26
21
268
21
267
265
159
25
19
20
264
25
267
24
254
25
24
264
268
277
26
402
25
23
268
268
20
34
17
24
264
161
25
26
20
61
73
144
269
268
25
268
264
20
268
24
20
21
264
25
265
268
25
268
25
25
268
268
23
264
268
20
268
25
25
19
50
25
20
268
25
268
25
267
21
265
24
25
23
265
266
22
264
25
25
268
25
24
264
21
268
25
264
21
26
20
268
32
268
191
20
25
23
20
21
264
264
25
268
20
268
20
264
23
197
20
25
265
24
26
268
25
267
25
24
264
25
20
268
25
23
268
23
268
21
268
25
22
25
20
268
268
25
264
25
264
268
21
21
264
268
157
25
265
21
268
25
25
20
269
265
24
268
23
268
25
20
268
70
81
264
25
21
87
20
27
268
268
21
264
25
265
25
268
264
25
268
265
20
264
24
20
264
21
268
21
24
23
265
20
24
268
268
20
267
20
22
24
52
25
35
268
25
26
24
25
268
264
21
17
264
23
267
23
268
264
25
264
21
25
264
24
264
21
20
268
211
21
21
264
252
21
221
20
25
264
25
25
268
268
25
268
25
267
25
23
21
25
268
264
22
267
353
25
268
21
21
17
263
215
24
264
20
264
20
22
263
20
20
22
267
268
25
268
20
264
24
235
268
20
22
264
24
268
23
268
25
22
24
21
264
175
268
264
20
264
20
23
268
268
24
268
25
212
25
22
268
268
22
264
24
265
25
267
21
24
268
20
25
21
21
264
25
215
264
268
25
264
265
21
268
25
24
15
270
25
205
22
21
45
21
264
20
20
19
19
26
25
64
21
20
21
267
23
264
157
21
23
155
48
254
16
144
237
219
268
21
268
23
249
31
114
197
82
24
264
25
268
268
24
26
265
25
26
20
212
111
97
134
