264
21
23
265
264
20
24
22
267
25
189
24
25
24
268
25
264
25
24
24
264
24
22
21
25
268
20
264
24
25
20
264
264
23
20
21
23
267
267
19
264
25
268
24
20
15
198
134
343
48
87
191
72
266
21
24
264
24
264
25
267
267
20
23
25
268
291
21
268
268
20
20
23
20
268
267
25
267
25
264
20
268
25
268
21
24
268
24
24
264
265
20
15
19
265
20
21
268
20
20
268
268
265
25
264
268
20
268
24
24
264
264
24
262
268
20
268
24
268
24
268
20
25
21
25
55
189
87
21
20
105
31
51
165
20
264
25
21
24
24
265
24
264
263
20
23
24
25
268
20
24
264
174
264
19
23
24
21
264
264
25
268
158
264
26
267
145
119
222
25
21
45
24
19
267
21
82
241
25
49
21
19
18
25
264
25
267
237
21
20
25
268
24
268
24
267
184
268
18
23
239
103
86
119
40
48
126
65
18
34
268
20
15
20
25
24
25
15
264
159
23
264
268
159
19
22
264
24
264
25
25
268
267
148
267
24
264
20
264
24
267
264
20
268
157
264
20
20
264
25
268
20
264
24
25
268
264
264
25
264
268
19
25
268
264
20
22
268
235
268
161
21
264
25
21
25
264
268
22
263
267
25
268
25
38
268
264
23
264
264
25
21
264
25
22
268
25
24
264
268
246
24
264
25
18
15
20
25
94
220
267
268
25
20
25
264
160
267
158
264
21
161
268
24
264
176
267
22
20
264
20
180
24
20
23
17
264
24
22
25
268
24
20
264
20
229
267
264
25
268
264
25
22
268
160
264
25
268
21
268
24
265
20
25
23
268
264
25
268
268
24
20
25
236
69
81
157
15
182
67
19
20
25
168
71
134
41
64
84
68
126
64
68
106
117
56
226
17
268
25
20
26
264
21
35
267
264
22
264
24
264
264
21
20
16
264
156
24
267
20
20
266
267
20
14
87
294
73
20
268
268
22
268
264
21
19
226
25
267
264
19
263
24
267
264
20
268
24
20
267
160
263
24
24
267
264
24
264
24
24
267
25
24
268
21
24
267
20
25
264
23
20
24
264
264
25
268
25
264
20
20
56
19
30
342
104
212
118
109
64
119
70
85
120
80
67
125
401
188
25
24
268
25
268
25
264
20
264
21
268
268
25
268
23
264
20
268
21
268
25
264
162
25
21
18
15
56
27
268
56
20
24
268
25
25
268
267
268
264
20
25
21
45
21
25
264
160
264
268
21
19
19
197
96
82
21
267
24
23
268
264
158
25
264
158
267
25
268
15
86
127
