# Created by Octave 3.8.2, Wed Nov 18 14:44:31 2015 GMT <yy12135@salties>
# name: ans
# type: scalar
-1


# name: nr1
# type: matrix
# rows: 571
# columns: 1
 264
 21
 23
 265
 264
 20
 24
 22
 267
 25
 189
 24
 25
 24
 268
 25
 264
 25
 24
 24
 264
 24
 22
 21
 25
 268
 20
 264
 24
 25
 20
 264
 264
 23
 20
 21
 23
 267
 267
 19
 264
 25
 268
 24
 20
 15
 198
 134
 343
 48
 87
 191
 72
 266
 21
 24
 264
 24
 264
 25
 267
 267
 20
 23
 25
 268
 291
 21
 268
 268
 20
 20
 23
 20
 268
 267
 25
 267
 25
 264
 20
 268
 25
 268
 21
 24
 268
 24
 24
 264
 265
 20
 15
 19
 265
 20
 21
 268
 20
 20
 268
 268
 265
 25
 264
 268
 20
 268
 24
 24
 264
 264
 24
 262
 268
 20
 268
 24
 268
 24
 268
 20
 25
 21
 25
 55
 189
 87
 21
 20
 105
 31
 51
 165
 20
 264
 25
 21
 24
 24
 265
 24
 264
 263
 20
 23
 24
 25
 268
 20
 24
 264
 174
 264
 19
 23
 24
 21
 264
 264
 25
 268
 158
 264
 26
 267
 145
 119
 222
 25
 21
 45
 24
 19
 267
 21
 82
 241
 25
 49
 21
 19
 18
 25
 264
 25
 267
 237
 21
 20
 25
 268
 24
 268
 24
 267
 184
 268
 18
 23
 239
 103
 86
 119
 40
 48
 126
 65
 18
 34
 268
 20
 15
 20
 25
 24
 25
 15
 264
 159
 23
 264
 268
 159
 19
 22
 264
 24
 264
 25
 25
 268
 267
 148
 267
 24
 264
 20
 264
 24
 267
 264
 20
 268
 157
 264
 20
 20
 264
 25
 268
 20
 264
 24
 25
 268
 264
 264
 25
 264
 268
 19
 25
 268
 264
 20
 22
 268
 235
 268
 161
 21
 264
 25
 21
 25
 264
 268
 22
 263
 267
 25
 268
 25
 38
 268
 264
 23
 264
 264
 25
 21
 264
 25
 22
 268
 25
 24
 264
 268
 246
 24
 264
 25
 18
 15
 20
 25
 94
 220
 267
 268
 25
 20
 25
 264
 160
 267
 158
 264
 21
 161
 268
 24
 264
 176
 267
 22
 20
 264
 20
 180
 24
 20
 23
 17
 264
 24
 22
 25
 268
 24
 20
 264
 20
 229
 267
 264
 25
 268
 264
 25
 22
 268
 160
 264
 25
 268
 21
 268
 24
 265
 20
 25
 23
 268
 264
 25
 268
 268
 24
 20
 25
 236
 69
 81
 157
 15
 182
 67
 19
 20
 25
 168
 71
 134
 41
 64
 84
 68
 126
 64
 68
 106
 117
 56
 226
 17
 268
 25
 20
 26
 264
 21
 35
 267
 264
 22
 264
 24
 264
 264
 21
 20
 16
 264
 156
 24
 267
 20
 20
 266
 267
 20
 14
 87
 294
 73
 20
 268
 268
 22
 268
 264
 21
 19
 226
 25
 267
 264
 19
 263
 24
 267
 264
 20
 268
 24
 20
 267
 160
 263
 24
 24
 267
 264
 24
 264
 24
 24
 267
 25
 24
 268
 21
 24
 267
 20
 25
 264
 23
 20
 24
 264
 264
 25
 268
 25
 264
 20
 20
 56
 19
 30
 342
 104
 212
 118
 109
 64
 119
 70
 85
 120
 80
 67
 125
 401
 188
 25
 24
 268
 25
 268
 25
 264
 20
 264
 21
 268
 268
 25
 268
 23
 264
 20
 268
 21
 268
 25
 264
 162
 25
 21
 18
 15
 56
 27
 268
 56
 20
 24
 268
 25
 25
 268
 267
 268
 264
 20
 25
 21
 45
 21
 25
 264
 160
 264
 268
 21
 19
 19
 197
 96
 82
 21
 267
 24
 23
 268
 264
 158
 25
 264
 158
 267
 25
 268
 15
 86
 127


# name: nr2
# type: matrix
# rows: 915
# columns: 1
 268
 267
 22
 24
 15
 264
 158
 20
 20
 267
 268
 25
 267
 21
 25
 255
 264
 188
 181
 20
 127
 94
 60
 125
 185
 25
 268
 268
 21
 15
 18
 208
 387
 25
 24
 20
 268
 268
 24
 25
 268
 168
 268
 187
 74
 25
 43
 264
 268
 24
 268
 267
 25
 20
 25
 83
 87
 78
 56
 125
 212
 133
 174
 20
 25
 264
 20
 263
 268
 24
 19
 21
 23
 268
 264
 23
 267
 264
 20
 267
 267
 24
 20
 268
 264
 268
 24
 264
 24
 264
 21
 264
 20
 24
 264
 25
 236
 268
 265
 157
 24
 264
 268
 21
 264
 25
 22
 267
 264
 264
 25
 17
 40
 46
 22
 264
 156
 265
 267
 21
 19
 264
 24
 23
 267
 264
 20
 19
 19
 24
 268
 20
 25
 264
 264
 21
 264
 22
 264
 25
 264
 25
 268
 20
 25
 263
 24
 263
 24
 215
 25
 264
 267
 22
 264
 20
 84
 121
 55
 46
 64
 112
 79
 75
 202
 96
 273
 34
 35
 19
 264
 20
 24
 17
 267
 24
 25
 267
 20
 264
 267
 59
 35
 190
 130
 107
 183
 290
 181
 20
 14
 18
 25
 23
 264
 156
 19
 212
 42
 110
 27
 20
 69
 264
 20
 264
 24
 15
 264
 24
 15
 24
 15
 269
 27
 264
 25
 138
 25
 26
 41
 265
 15
 25
 268
 264
 149
 25
 264
 215
 264
 25
 20
 268
 268
 124
 69
 86
 147
 81
 20
 55
 183
 264
 268
 20
 24
 268
 24
 25
 19
 33
 24
 264
 264
 23
 267
 20
 264
 264
 20
 27
 267
 88
 21
 19
 75
 106
 25
 25
 36
 156
 34
 267
 158
 134
 40
 76
 89
 111
 24
 265
 24
 268
 266
 25
 24
 267
 20
 19
 14
 21
 19
 25
 44
 25
 249
 33
 125
 36
 24
 18
 269
 27
 27
 24
 264
 157
 23
 25
 18
 264
 332
 223
 25
 267
 264
 25
 264
 20
 265
 101
 24
 268
 158
 19
 20
 264
 25
 267
 20
 205
 264
 268
 22
 184
 267
 20
 264
 25
 24
 19
 264
 160
 25
 20
 268
 24
 264
 264
 20
 24
 21
 86
 25
 25
 19
 22
 21
 19
 152
 78
 78
 72
 61
 265
 268
 268
 20
 25
 20
 20
 20
 49
 268
 21
 20
 16
 263
 20
 25
 268
 268
 160
 25
 267
 267
 25
 66
 191
 24
 25
 264
 264
 25
 20
 264
 160
 18
 264
 20
 15
 264
 158
 18
 117
 68
 129
 41
 81
 87
 119
 64
 121
 124
 95
 115
 65
 126
 27
 23
 264
 21
 28
 99
 90
 75
 18
 177
 36
 18
 211
 102
 100
 87
 67
 119
 56
 191
 360
 188
 253
 35
 71
 91
 72
 115
 17
 84
 80
 291
 268
 157
 30
 54
 24
 15
 290
 50
 125
 70
 55
 70
 102
 107
 130
 55
 99
 55
 119
 119
 171
 264
 21
 268
 159
 19
 25
 41
 19
 120
 15
 54
 72
 166
 264
 24
 268
 21
 264
 264
 23
 184
 22
 264
 25
 21
 17
 24
 267
 23
 263
 24
 21
 267
 20
 44
 25
 241
 145
 35
 497
 47
 95
 80
 190
 150
 59
 267
 159
 24
 20
 268
 23
 263
 267
 24
 264
 25
 23
 19
 118
 365
 80
 103
 120
 49
 110
 63
 126
 33
 16
 24
 264
 264
 25
 25
 150
 70
 121
 95
 95
 134
 17
 131
 267
 25
 132
 25
 20
 19
 20
 264
 25
 20
 24
 264
 24
 268
 264
 25
 17
 26
 137
 49
 267
 20
 240
 64
 89
 64
 130
 83
 113
 115
 91
 64
 48
 64
 95
 128
 332
 104
 20
 25
 24
 25
 24
 401
 268
 21
 264
 24
 264
 24
 25
 264
 25
 25
 264
 20
 151
 198
 20
 25
 264
 158
 268
 23
 22
 119
 85
 20
 29
 26
 264
 25
 25
 268
 264
 25
 20
 25
 22
 25
 20
 19
 24
 24
 264
 160
 267
 268
 20
 267
 267
 20
 264
 264
 158
 21
 264
 159
 337
 122
 14
 142
 15
 27
 30
 264
 161
 21
 264
 25
 24
 331
 20
 21
 267
 264
 20
 25
 264
 24
 264
 221
 24
 264
 21
 268
 25
 25
 264
 268
 24
 265
 24
 157
 268
 24
 278
 128
 264
 61
 91
 70
 40
 15
 26
 91
 268
 24
 267
 20
 25
 264
 22
 267
 267
 22
 267
 24
 24
 15
 22
 19
 24
 268
 25
 22
 268
 20
 208
 21
 268
 25
 268
 267
 24
 17
 19
 25
 41
 19
 28
 32
 25
 19
 20
 24
 264
 160
 33
 65
 267
 19
 267
 22
 268
 264
 20
 17
 21
 156
 264
 24
 134
 25
 24
 268
 159
 264
 25
 20
 21
 267
 19
 25
 267
 69
 264
 25
 24
 264
 24
 268
 55
 25
 19
 23
 20
 20
 21
 19
 18
 25
 264
 160
 20
 264
 264
 23
 24
 267
 264
 264
 361
 112
 70
 127
 48
 79
 88
 136
 56
 111
 79
 96
 89
 162
 125
 49
 116
 18
 105
 144
 40
 73
 41
 263
 158
 268
 25
 15
 170
 264
 21
 264
 24
 24
 267
 22
 267
 263
 156
 267
 25
 19
 21
 16
 25
 25
 42
 264
 267
 24
 268
 20
 20
 21
 268
 158
 18
 25
 19
 26
 20
 34
 25
 75
 87
 140
 88
 125
 56
 95
 103
 129
 256
 33
 119
 68
 130
 64
 98
 64
 72
 130
 55
 85
 24
 75
 103
 119
 55
 111
 304
 69
 101
 127
 153
 268
 25
 21
 24
 268
 21
 267
 25
 21
 268
 25
 19
 265
 25
 264
 22
 20
 24
 268
 24
 25
 264
 25


# name: r20ms1
# type: matrix
# rows: 941
# columns: 1
 215
 176
 177
 49
 422
 177
 177
 177
 47
 421
 176
 420
 173
 50
 417
 184
 177
 51
 177
 243
 177
 177
 173
 420
 173
 420
 173
 177
 171
 35
 87
 43
 30
 35
 75
 105
 31
 100
 30
 93
 82
 33
 121
 36
 43
 30
 35
 37
 127
 37
 127
 41
 95
 30
 48
 111
 134
 43
 30
 91
 178
 78
 111
 31
 81
 109
 100
 31
 31
 134
 65
 33
 113
 64
 421
 420
 174
 416
 177
 173
 44
 177
 176
 417
 175
 173
 420
 184
 177
 173
 416
 417
 177
 50
 417
 177
 177
 420
 417
 174
 54
 420
 177
 173
 177
 92
 218
 17
 187
 173
 36
 178
 172
 79
 421
 177
 417
 177
 173
 420
 173
 420
 417
 177
 50
 421
 421
 173
 177
 420
 173
 176
 420
 173
 50
 230
 173
 177
 177
 420
 53
 258
 177
 416
 177
 178
 177
 176
 417
 177
 177
 356
 50
 35
 48
 135
 32
 52
 52
 64
 112
 55
 132
 35
 127
 35
 35
 52
 152
 80
 276
 64
 49
 264
 42
 30
 277
 59
 48
 30
 79
 33
 128
 35
 65
 30
 52
 132
 113
 44
 30
 57
 43
 90
 171
 173
 177
 417
 262
 177
 417
 175
 172
 172
 417
 177
 173
 420
 44
 38
 34
 127
 37
 39
 48
 29
 56
 35
 70
 80
 32
 109
 30
 122
 29
 35
 95
 125
 26
 29
 80
 134
 97
 30
 65
 52
 416
 47
 416
 173
 177
 417
 416
 174
 420
 177
 421
 49
 173
 180
 45
 177
 177
 420
 177
 50
 420
 177
 48
 177
 177
 51
 416
 177
 43
 172
 37
 20
 47
 159
 31
 35
 34
 42
 75
 120
 18
 44
 65
 35
 30
 65
 35
 70
 30
 48
 49
 43
 35
 49
 56
 46
 127
 46
 49
 175
 177
 51
 420
 177
 416
 173
 177
 417
 173
 420
 173
 282
 417
 173
 417
 177
 50
 173
 173
 420
 188
 421
 177
 45
 417
 270
 175
 17
 173
 177
 420
 199
 417
 173
 176
 421
 177
 417
 173
 49
 184
 173
 172
 417
 183
 420
 140
 130
 30
 135
 172
 177
 173
 176
 177
 420
 177
 177
 420
 229
 177
 49
 51
 417
 176
 173
 416
 173
 54
 177
 174
 417
 177
 420
 420
 173
 51
 421
 173
 177
 51
 44
 176
 185
 173
 417
 175
 177
 172
 417
 416
 209
 180
 416
 182
 177
 176
 417
 274
 421
 173
 176
 417
 177
 172
 417
 177
 420
 176
 420
 177
 171
 417
 185
 177
 150
 420
 420
 173
 38
 72
 137
 170
 191
 417
 181
 176
 177
 177
 47
 259
 157
 170
 168
 80
 66
 420
 173
 51
 417
 173
 177
 420
 177
 420
 39
 156
 156
 294
 36
 48
 35
 35
 112
 127
 64
 47
 111
 49
 233
 85
 328
 119
 127
 44
 30
 72
 43
 108
 43
 48
 48
 69
 126
 110
 51
 52
 176
 420
 50
 420
 177
 173
 177
 420
 177
 420
 177
 417
 173
 51
 417
 177
 177
 173
 416
 177
 417
 177
 173
 177
 176
 38
 157
 435
 64
 124
 30
 35
 125
 46
 264
 48
 36
 30
 35
 134
 35
 34
 111
 43
 125
 35
 136
 30
 43
 70
 119
 36
 128
 16
 64
 120
 96
 43
 42
 72
 30
 74
 33
 91
 125
 32
 67
 37
 65
 30
 65
 103
 29
 86
 171
 134
 30
 133
 46
 133
 50
 49
 177
 184
 175
 420
 175
 174
 416
 173
 177
 176
 421
 234
 51
 177
 172
 178
 56
 55
 417
 177
 51
 420
 173
 177
 417
 416
 173
 420
 174
 417
 172
 420
 177
 51
 168
 177
 51
 48
 173
 52
 417
 173
 177
 173
 177
 196
 173
 49
 420
 173
 176
 417
 173
 420
 173
 176
 137
 420
 421
 174
 421
 173
 211
 175
 173
 48
 420
 183
 49
 49
 416
 173
 174
 177
 295
 36
 38
 48
 135
 35
 35
 127
 51
 29
 35
 48
 127
 37
 35
 35
 30
 127
 35
 55
 135
 35
 35
 127
 33
 29
 56
 29
 48
 49
 30
 34
 111
 289
 48
 55
 47
 36
 96
 43
 85
 127
 64
 73
 30
 136
 51
 49
 417
 416
 244
 177
 173
 53
 420
 421
 173
 51
 420
 230
 174
 49
 417
 173
 416
 177
 49
 251
 177
 314
 173
 173
 49
 177
 173
 420
 176
 177
 420
 173
 205
 421
 177
 52
 416
 177
 177
 44
 173
 177
 417
 183
 420
 175
 198
 45
 174
 38
 38
 66
 126
 43
 81
 156
 90
 158
 75
 97
 183
 177
 47
 416
 182
 176
 173
 420
 44
 35
 34
 34
 49
 38
 51
 51
 49
 157
 34
 426
 197
 176
 177
 49
 171
 177
 177
 420
 176
 177
 259
 176
 51
 172
 177
 48
 420
 420
 176
 420
 177
 175
 103
 35
 65
 157
 57
 178
 422
 55
 176
 43
 177
 176
 420
 420
 181
 173
 176
 177
 174
 420
 417
 173
 230
 417
 421
 177
 174
 417
 177
 417
 259
 35
 177
 44
 85
 158
 71
 152
 178
 177
 50
 47
 177
 172
 420
 173
 421
 177
 175
 173
 173
 420
 417
 173
 416
 142
 157
 143
 352
 52
 201
 177
 64
 48
 420
 417
 176
 417
 420
 179
 173
 420
 173
 177
 173
 173
 51
 417
 261
 177
 416
 170
 174
 417
 177
 53
 177
 177
 168
 33
 145
 57
 44
 420
 54
 168
 163
 63
 80
 295
 50
 171
 56
 66
 199
 173
 420
 291
 51
 177
 172
 421
 177
 177
 50
 420
 177
 420
 176
 417
 177
 33
 52
 177
 35
 35
 36
 114
 35
 158
 205
 66
 126
 32
 170
 306
 79
 417
 178
 181
 173
 52
 420
 420
 177
 416
 53
 177
 53
 420
 189
 420
 251
 173
 420
 174
 54
 420
 177
 48
 417
 173


# name: r20ms2
# type: matrix
# rows: 1412
# columns: 1
 172
 416
 176
 420
 175
 416
 173
 177
 206
 420
 48
 175
 51
 173
 177
 420
 177
 416
 177
 177
 235
 173
 48
 420
 49
 420
 174
 175
 177
 421
 420
 173
 173
 53
 177
 177
 420
 51
 417
 177
 171
 417
 173
 177
 416
 177
 39
 157
 119
 45
 70
 50
 65
 126
 64
 109
 171
 419
 83
 177
 174
 420
 173
 174
 420
 173
 420
 51
 417
 421
 421
 175
 421
 177
 252
 417
 177
 174
 417
 173
 175
 417
 417
 176
 49
 417
 173
 416
 269
 173
 421
 173
 177
 192
 177
 175
 417
 173
 52
 417
 173
 177
 168
 39
 52
 176
 417
 53
 417
 175
 173
 47
 177
 52
 420
 417
 174
 417
 182
 421
 182
 32
 48
 157
 61
 161
 100
 290
 168
 39
 39
 96
 96
 34
 66
 101
 111
 33
 70
 129
 44
 44
 132
 35
 33
 48
 40
 40
 71
 19
 47
 34
 56
 40
 73
 34
 97
 117
 48
 107
 80
 43
 181
 96
 420
 234
 173
 416
 176
 51
 416
 173
 177
 172
 40
 39
 52
 55
 44
 38
 61
 43
 61
 44
 44
 39
 86
 39
 34
 33
 38
 39
 55
 51
 38
 39
 115
 128
 42
 116
 56
 44
 107
 38
 79
 34
 125
 39
 116
 34
 64
 33
 104
 43
 109
 79
 80
 43
 34
 62
 95
 47
 420
 52
 178
 177
 420
 177
 48
 178
 174
 417
 238
 39
 110
 40
 34
 81
 75
 110
 34
 70
 105
 290
 39
 49
 44
 50
 106
 50
 184
 183
 49
 420
 177
 417
 252
 177
 175
 420
 173
 319
 289
 39
 39
 39
 125
 37
 51
 134
 33
 39
 118
 34
 70
 33
 127
 33
 49
 94
 34
 69
 34
 132
 34
 39
 93
 111
 34
 103
 39
 70
 155
 108
 80
 44
 44
 92
 92
 132
 43
 34
 76
 34
 55
 230
 420
 420
 52
 420
 175
 420
 173
 51
 417
 176
 420
 174
 247
 416
 183
 244
 55
 294
 199
 31
 102
 39
 51
 112
 127
 45
 93
 44
 93
 95
 128
 34
 38
 38
 115
 126
 33
 64
 96
 103
 44
 126
 135
 27
 119
 34
 34
 72
 124
 67
 45
 119
 40
 66
 129
 34
 64
 119
 50
 44
 48
 49
 86
 50
 123
 21
 38
 95
 33
 110
 47
 65
 173
 417
 177
 417
 174
 168
 212
 157
 69
 208
 294
 55
 39
 49
 65
 95
 34
 73
 89
 111
 34
 55
 33
 70
 80
 295
 33
 74
 39
 70
 34
 87
 44
 105
 46
 49
 34
 70
 129
 44
 33
 108
 54
 290
 40
 80
 44
 384
 41
 119
 44
 33
 72
 50
 290
 45
 132
 49
 173
 421
 177
 421
 239
 34
 112
 127
 152
 51
 158
 87
 82
 168
 152
 90
 295
 94
 85
 74
 172
 176
 417
 173
 177
 420
 417
 52
 421
 173
 51
 417
 177
 277
 31
 128
 349
 177
 177
 172
 420
 177
 174
 50
 420
 39
 74
 127
 106
 152
 56
 34
 94
 80
 50
 118
 66
 127
 39
 64
 123
 19
 44
 103
 72
 79
 111
 120
 34
 63
 80
 34
 98
 34
 126
 14
 112
 34
 76
 165
 64
 40
 92
 116
 102
 34
 95
 34
 66
 40
 124
 218
 49
 64
 48
 39
 39
 39
 34
 311
 55
 34
 61
 110
 95
 34
 113
 128
 64
 119
 88
 34
 89
 49
 88
 40
 70
 111
 421
 421
 289
 417
 416
 177
 239
 417
 421
 51
 420
 173
 417
 177
 177
 50
 417
 52
 48
 420
 177
 176
 177
 170
 177
 177
 417
 243
 102
 174
 177
 178
 416
 177
 54
 420
 417
 174
 49
 417
 173
 52
 417
 229
 47
 173
 177
 420
 173
 417
 420
 420
 182
 175
 49
 417
 177
 178
 417
 173
 48
 420
 177
 71
 50
 416
 182
 97
 207
 417
 177
 177
 417
 51
 174
 168
 36
 71
 191
 104
 420
 176
 178
 416
 177
 173
 418
 177
 173
 420
 174
 173
 420
 177
 50
 416
 417
 174
 48
 421
 420
 177
 215
 417
 177
 141
 30
 35
 39
 173
 421
 417
 174
 417
 177
 177
 173
 177
 174
 417
 177
 51
 173
 177
 416
 268
 421
 282
 176
 420
 417
 173
 49
 420
 173
 51
 420
 421
 173
 52
 417
 421
 177
 176
 421
 173
 36
 39
 111
 28
 34
 49
 171
 421
 173
 420
 173
 51
 181
 420
 177
 174
 49
 416
 177
 51
 421
 175
 174
 48
 417
 174
 49
 215
 172
 54
 420
 418
 45
 49
 420
 173
 177
 421
 183
 173
 173
 417
 181
 173
 53
 420
 177
 421
 177
 173
 173
 175
 176
 50
 421
 177
 51
 420
 49
 420
 173
 421
 177
 176
 421
 177
 177
 421
 173
 420
 50
 174
 416
 174
 176
 417
 173
 172
 50
 420
 174
 47
 417
 173
 252
 173
 177
 420
 183
 176
 50
 51
 417
 220
 416
 177
 177
 185
 420
 177
 52
 417
 177
 175
 416
 417
 176
 173
 174
 420
 173
 420
 183
 173
 174
 235
 177
 210
 40
 93
 39
 187
 87
 46
 177
 421
 420
 177
 178
 173
 173
 177
 177
 177
 420
 177
 420
 173
 53
 416
 177
 173
 177
 177
 417
 173
 199
 417
 177
 417
 177
 178
 421
 420
 417
 416
 173
 420
 177
 49
 417
 177
 176
 250
 417
 421
 177
 417
 173
 52
 417
 182
 177
 177
 50
 274
 417
 174
 54
 420
 173
 49
 49
 177
 50
 417
 177
 417
 250
 416
 177
 421
 177
 416
 177
 177
 420
 417
 177
 421
 177
 177
 421
 173
 177
 417
 177
 177
 417
 178
 420
 177
 268
 420
 177
 177
 173
 177
 421
 420
 175
 177
 416
 180
 177
 51
 173
 174
 269
 416
 267
 420
 177
 417
 182
 177
 175
 177
 175
 417
 421
 177
 416
 420
 420
 174
 173
 173
 129
 301
 61
 177
 417
 417
 293
 177
 420
 177
 177
 177
 177
 420
 416
 177
 420
 173
 174
 420
 177
 420
 417
 173
 177
 53
 421
 177
 52
 172
 52
 417
 236
 420
 180
 173
 421
 171
 421
 175
 174
 420
 173
 173
 417
 173
 170
 235
 53
 51
 172
 172
 420
 176
 176
 420
 173
 50
 420
 172
 53
 421
 177
 177
 420
 420
 176
 420
 173
 177
 49
 420
 176
 177
 419
 178
 235
 162
 52
 173
 175
 123
 168
 54
 48
 420
 420
 177
 420
 174
 236
 177
 176
 417
 177
 177
 420
 182
 173
 417
 177
 196
 417
 177
 175
 173
 33
 289
 39
 38
 127
 30
 121
 34
 116
 43
 124
 65
 126
 48
 49
 80
 289
 39
 65
 120
 88
 34
 91
 39
 101
 34
 48
 38
 39
 49
 34
 95
 34
 70
 33
 129
 33
 122
 244
 53
 100
 44
 100
 34
 39
 99
 43
 34
 49
 95
 54
 48
 39
 119
 34
 45
 49
 34
 119
 16
 34
 41
 94
 63
 48
 91
 87
 124
 16
 25
 33
 57
 70
 131
 33
 70
 47
 34
 34
 67
 39
 82
 33
 70
 119
 34
 34
 86
 103
 39
 73
 43
 422
 56
 177
 420
 175
 420
 177
 420
 220
 173
 173
 261
 420
 420
 175
 421
 173
 173
 420
 177
 417
 420
 417
 39
 49
 172
 34
 39
 80
 177
 177
 416
 417
 178
 47
 420
 173
 176
 177
 175
 417
 175
 418
 417
 228
 177
 51
 417
 176
 48
 417
 177
 230
 420
 421
 177
 177
 416
 417
 177
 174
 421
 173
 176
 50
 421
 177
 421
 182
 177
 177
 420
 177
 53
 215
 178
 173
 417
 184
 168
 52
 48
 420
 178
 177
 177
 43
 112
 178
 172
 50
 417
 179
 179
 213
 177
 177
 173
 175
 420
 420
 173
 52
 417
 177
 173
 199
 177
 420
 173
 172
 420
 421
 48
 421
 173
 171
 36
 133
 173
 167
 177
 175
 421
 417
 173
 417
 175
 420
 177
 48
 417
 420
 173
 421
 177
 420
 175
 173
 120
 228
 177
 175
 420
 39
 150
 52
 171
 175
 261
 420
 173
 184
 420
 332
 177
 177
 420
 417
 420
 177
 49
 420
 174
 177
 420
 177
 50
 420
 285
 48
 420
 420
 173
 173
 420
 176
 177
 49
 170
 420
 192
 176
 420
 417
 177
 417
 36
 158
 53
 177
 173
 421
 421
 177
 188
 417
 174
 416
 174
 420
 176
 172
 48
 191
 49
 187
 173
 417
 220
 173
 175
 50
 171
 35
 38
 52
 417
 173
 176
 417
 177
 189
 416
 417
 177
 420
 421
 174
 49
 177
 50
 416
 52
 417
 417
 173
 417
 173
 416
 173
 175
 173
 50
 421
 177
 176
 136
 242
 39
 65
 34
 83
 90
 35
 127
 241
 176
 175
 417
 420
 176
 177
 177
 420
 177


# name: rh1
# type: matrix
# rows: 980
# columns: 1
 181
 69
 24
 24
 267
 271
 23
 23
 24
 64
 27
 184
 74
 44
 118
 152
 276
 117
 27
 267
 28
 23
 271
 271
 23
 268
 30
 28
 23
 28
 28
 22
 267
 158
 267
 24
 271
 28
 23
 270
 168
 28
 271
 238
 267
 27
 267
 26
 267
 271
 271
 267
 270
 28
 24
 23
 270
 267
 23
 18
 18
 270
 28
 271
 24
 28
 28
 271
 25
 267
 23
 176
 64
 271
 27
 18
 271
 157
 25
 29
 22
 23
 101
 61
 72
 108
 18
 33
 267
 206
 27
 23
 267
 157
 27
 23
 271
 157
 28
 271
 270
 27
 23
 267
 28
 267
 27
 23
 271
 28
 137
 273
 32
 24
 25
 267
 160
 271
 160
 24
 54
 135
 119
 69
 20
 49
 299
 59
 76
 271
 24
 23
 22
 271
 18
 25
 267
 27
 26
 23
 270
 156
 24
 22
 32
 268
 157
 28
 24
 268
 18
 28
 27
 19
 33
 22
 23
 29
 146
 314
 75
 64
 96
 55
 48
 70
 82
 19
 37
 34
 22
 28
 27
 23
 153
 90
 63
 128
 37
 85
 120
 102
 88
 277
 35
 18
 28
 22
 23
 28
 25
 119
 184
 27
 28
 267
 160
 270
 158
 267
 219
 271
 158
 23
 271
 158
 267
 247
 27
 28
 23
 271
 28
 24
 267
 24
 27
 267
 160
 267
 28
 24
 21
 28
 28
 267
 24
 23
 271
 160
 271
 160
 28
 23
 267
 238
 28
 25
 270
 24
 271
 23
 158
 27
 21
 28
 267
 267
 26
 66
 266
 25
 23
 267
 267
 28
 181
 270
 27
 271
 158
 23
 27
 271
 23
 27
 270
 23
 27
 271
 28
 23
 18
 74
 29
 255
 17
 122
 122
 47
 57
 22
 159
 23
 267
 23
 27
 18
 256
 17
 191
 77
 74
 219
 270
 267
 24
 270
 204
 92
 127
 34
 108
 72
 80
 96
 110
 33
 55
 306
 27
 271
 28
 271
 25
 23
 270
 156
 270
 268
 25
 267
 18
 238
 18
 67
 43
 19
 35
 21
 24
 267
 24
 209
 91
 201
 117
 39
 17
 25
 27
 27
 267
 270
 23
 270
 268
 23
 23
 271
 28
 24
 267
 267
 24
 27
 22
 28
 271
 28
 25
 271
 157
 270
 28
 267
 268
 23
 22
 65
 166
 309
 89
 23
 22
 27
 267
 267
 270
 220
 268
 27
 22
 23
 270
 27
 23
 26
 137
 121
 17
 26
 20
 64
 268
 181
 23
 24
 334
 163
 58
 90
 85
 123
 93
 112
 79
 211
 189
 176
 80
 65
 65
 96
 70
 49
 88
 95
 24
 55
 271
 166
 271
 28
 267
 157
 268
 27
 26
 271
 28
 24
 267
 28
 271
 271
 24
 28
 23
 32
 199
 271
 160
 375
 73
 96
 111
 85
 127
 33
 33
 111
 26
 96
 100
 127
 64
 130
 104
 56
 94
 56
 263
 33
 42
 108
 359
 89
 119
 14
 145
 129
 24
 28
 25
 270
 24
 25
 22
 24
 27
 21
 271
 161
 138
 22
 70
 183
 122
 28
 147
 23
 21
 22
 20
 268
 76
 270
 27
 28
 23
 46
 268
 142
 270
 24
 20
 237
 238
 28
 27
 22
 18
 18
 29
 21
 26
 270
 28
 27
 270
 270
 19
 27
 267
 28
 24
 267
 27
 267
 270
 271
 25
 271
 23
 28
 270
 157
 267
 27
 26
 270
 48
 24
 26
 74
 85
 24
 28
 19
 85
 55
 148
 22
 270
 270
 26
 27
 27
 271
 24
 29
 24
 267
 28
 23
 271
 20
 27
 25
 267
 158
 18
 267
 159
 27
 271
 24
 271
 268
 24
 188
 24
 27
 271
 267
 196
 26
 271
 24
 25
 267
 27
 270
 24
 105
 183
 268
 23
 23
 270
 27
 267
 27
 23
 270
 23
 23
 267
 28
 261
 93
 84
 121
 34
 93
 65
 124
 18
 88
 166
 273
 56
 270
 27
 27
 321
 81
 65
 18
 53
 135
 23
 127
 270
 157
 24
 270
 223
 27
 23
 28
 159
 72
 57
 277
 35
 19
 40
 34
 21
 22
 29
 33
 48
 19
 28
 32
 51
 24
 23
 270
 25
 268
 26
 271
 26
 22
 246
 61
 101
 19
 23
 80
 267
 27
 26
 270
 270
 267
 29
 270
 28
 25
 267
 28
 24
 28
 19
 144
 61
 122
 108
 127
 32
 56
 48
 86
 127
 56
 128
 111
 95
 68
 72
 104
 49
 88
 80
 64
 96
 108
 65
 115
 33
 110
 110
 111
 33
 92
 24
 85
 96
 216
 200
 270
 17
 219
 267
 27
 254
 268
 271
 28
 24
 28
 90
 70
 103
 65
 152
 55
 302
 65
 37
 128
 101
 78
 119
 125
 25
 79
 65
 66
 117
 65
 48
 87
 28
 22
 32
 61
 43
 33
 159
 260
 118
 93
 32
 100
 104
 108
 72
 80
 18
 101
 134
 64
 119
 141
 126
 267
 24
 23
 267
 23
 20
 350
 39
 111
 85
 102
 118
 137
 25
 64
 226
 122
 118
 129
 18
 95
 26
 33
 56
 40
 150
 85
 28
 271
 24
 267
 28
 27
 271
 24
 270
 271
 27
 271
 268
 27
 25
 27
 267
 28
 271
 24
 267
 24
 270
 23
 28
 271
 271
 24
 270
 267
 24
 23
 27
 199
 271
 28
 267
 267
 26
 269
 270
 28
 27
 270
 23
 28
 271
 267
 23
 270
 28
 267
 267
 27
 27
 271
 28
 28
 22
 271
 28
 271
 267
 28
 22
 270
 27
 270
 27
 26
 267
 23
 267
 271
 27
 24
 267
 271
 23
 267
 158
 27
 27
 270
 26
 267
 143
 117
 78
 87
 329
 140
 42
 271
 23
 267
 28
 270
 271
 25
 267
 23
 271
 23
 23
 267
 28
 28
 271
 271
 27
 267
 28
 24
 19
 28
 270
 27
 27
 271
 267
 267
 27
 271
 22
 24
 24
 25
 271
 271
 26
 27
 268
 24
 267
 270
 267
 24
 284
 135
 45
 64
 296
 67
 72
 23
 27
 267
 268
 23
 270
 27
 271
 28
 271
 267
 28
 23
 27
 268
 28
 271
 28
 231
 28
 28
 271
 24
 22
 271
 28
 316


# name: rh2
# type: matrix
# rows: 660
# columns: 1
 28
 27
 24
 270
 270
 23
 267
 28
 271
 28
 267
 267
 27
 267
 25
 270
 28
 25
 267
 24
 267
 267
 23
 267
 27
 267
 23
 267
 271
 23
 270
 270
 25
 24
 25
 271
 23
 271
 24
 27
 271
 271
 28
 24
 24
 268
 267
 268
 28
 271
 27
 271
 28
 267
 267
 24
 27
 271
 23
 271
 26
 28
 270
 267
 24
 25
 26
 268
 158
 28
 23
 120
 185
 105
 267
 271
 25
 17
 24
 24
 271
 25
 270
 267
 25
 28
 267
 267
 28
 23
 271
 24
 266
 219
 271
 161
 24
 270
 24
 28
 27
 28
 267
 28
 28
 25
 267
 23
 267
 23
 267
 28
 267
 271
 23
 267
 28
 270
 28
 27
 270
 23
 27
 22
 21
 27
 108
 189
 28
 27
 23
 271
 27
 27
 271
 28
 27
 267
 23
 27
 270
 27
 26
 28
 23
 270
 27
 27
 267
 27
 23
 18
 159
 23
 39
 137
 148
 28
 270
 28
 28
 271
 28
 268
 268
 157
 271
 27
 27
 18
 268
 160
 28
 267
 23
 26
 270
 26
 27
 271
 267
 160
 28
 29
 271
 27
 27
 267
 24
 271
 25
 271
 23
 28
 271
 24
 271
 28
 172
 267
 251
 270
 24
 267
 24
 270
 24
 244
 23
 27
 27
 25
 270
 267
 28
 271
 23
 26
 271
 27
 270
 267
 26
 271
 24
 24
 271
 28
 26
 271
 26
 267
 28
 27
 24
 267
 24
 24
 271
 26
 271
 267
 27
 271
 271
 28
 25
 271
 28
 271
 267
 26
 267
 27
 267
 271
 28
 268
 28
 24
 18
 18
 27
 270
 23
 28
 22
 24
 24
 267
 157
 48
 70
 271
 25
 270
 276
 270
 28
 24
 267
 222
 28
 271
 28
 23
 267
 28
 26
 267
 24
 259
 267
 26
 270
 23
 206
 267
 30
 141
 151
 41
 245
 24
 27
 181
 270
 25
 270
 28
 270
 27
 24
 271
 23
 198
 267
 29
 24
 28
 237
 70
 134
 126
 70
 182
 118
 34
 28
 267
 23
 24
 271
 262
 70
 88
 115
 89
 27
 40
 113
 185
 177
 28
 27
 21
 23
 267
 27
 270
 27
 23
 72
 103
 64
 125
 56
 115
 91
 75
 71
 98
 120
 70
 71
 127
 17
 27
 28
 267
 28
 267
 270
 27
 190
 267
 267
 27
 25
 267
 28
 244
 267
 28
 24
 18
 127
 23
 270
 24
 97
 28
 456
 267
 27
 267
 28
 267
 267
 158
 27
 270
 28
 153
 267
 25
 27
 267
 23
 23
 271
 27
 27
 17
 23
 23
 267
 27
 271
 27
 271
 27
 270
 188
 267
 267
 27
 23
 17
 268
 27
 26
 270
 27
 28
 267
 266
 23
 267
 24
 25
 23
 27
 27
 270
 267
 26
 267
 267
 161
 24
 23
 23
 21
 53
 110
 128
 39
 71
 112
 116
 128
 43
 64
 89
 95
 106
 73
 191
 82
 20
 25
 28
 163
 105
 83
 22
 28
 267
 271
 25
 267
 27
 17
 24
 26
 270
 167
 270
 270
 28
 21
 129
 153
 26
 270
 28
 28
 271
 267
 28
 271
 28
 271
 24
 270
 23
 267
 267
 23
 27
 27
 271
 267
 28
 268
 18
 28
 24
 268
 24
 23
 246
 270
 27
 28
 268
 27
 267
 268
 28
 26
 27
 24
 271
 28
 267
 23
 27
 25
 24
 23
 267
 27
 267
 27
 267
 27
 270
 271
 24
 26
 267
 277
 267
 28
 267
 27
 137
 102
 128
 69
 149
 107
 139
 144
 266
 27
 267
 24
 271
 27
 28
 270
 270
 27
 23
 23
 18
 27
 27
 27
 27
 315
 267
 271
 27
 270
 23
 271
 25
 267
 23
 345
 267
 23
 466
 271
 23
 267
 28
 19
 160
 25
 271
 267
 27
 267
 28
 267
 28
 267
 28
 27
 271
 28
 180
 28
 270
 28
 27
 267
 27
 271
 28
 271
 180
 23
 268
 24
 23
 27
 24
 271
 23
 270
 28
 24
 337
 267
 28
 270
 28
 267
 160
 24
 24
 27
 267
 268
 23
 271
 267
 27
 270
 24
 88
 223
 267
 28


# name: rhh1
# type: matrix
# rows: 937
# columns: 1
 22
 26
 22
 265
 269
 23
 22
 270
 269
 26
 269
 26
 158
 269
 25
 269
 23
 266
 24
 269
 270
 113
 61
 113
 24
 84
 99
 135
 65
 128
 27
 110
 25
 123
 64
 376
 124
 126
 14
 103
 65
 64
 97
 104
 127
 107
 92
 80
 49
 49
 125
 25
 53
 127
 268
 212
 269
 26
 269
 24
 269
 353
 27
 211
 24
 269
 26
 269
 266
 269
 266
 22
 17
 26
 26
 270
 269
 26
 26
 220
 266
 26
 26
 266
 269
 265
 27
 269
 22
 21
 26
 26
 266
 265
 22
 265
 26
 26
 265
 22
 23
 20
 270
 26
 265
 22
 266
 26
 227
 270
 265
 265
 22
 270
 22
 269
 26
 23
 27
 16
 26
 19
 21
 25
 269
 22
 26
 23
 266
 26
 266
 26
 22
 17
 270
 26
 265
 22
 265
 22
 269
 21
 26
 24
 269
 269
 26
 265
 22
 266
 21
 266
 26
 25
 21
 21
 273
 34
 26
 26
 265
 266
 22
 266
 21
 22
 269
 270
 22
 26
 268
 22
 269
 26
 67
 32
 184
 22
 22
 265
 251
 26
 236
 269
 22
 24
 22
 17
 27
 41
 18
 27
 21
 39
 266
 26
 26
 21
 31
 43
 17
 20
 17
 196
 111
 100
 38
 187
 152
 28
 265
 22
 23
 266
 268
 25
 269
 22
 265
 159
 19
 26
 237
 269
 26
 22
 269
 265
 22
 127
 14
 91
 72
 113
 116
 135
 259
 104
 103
 48
 71
 55
 110
 65
 73
 126
 90
 114
 110
 23
 115
 115
 260
 56
 123
 139
 87
 74
 48
 123
 126
 125
 84
 87
 108
 119
 71
 104
 111
 65
 119
 87
 127
 361
 286
 26
 181
 265
 24
 270
 26
 26
 25
 42
 217
 80
 42
 269
 25
 26
 266
 22
 26
 265
 22
 22
 265
 24
 269
 26
 156
 25
 57
 265
 205
 267
 18
 102
 256
 70
 65
 127
 65
 80
 64
 64
 134
 65
 105
 259
 65
 110
 49
 37
 116
 114
 69
 111
 14
 127
 111
 59
 126
 115
 56
 56
 124
 96
 117
 162
 70
 267
 34
 127
 18
 71
 111
 100
 180
 29
 270
 269
 21
 17
 22
 26
 21
 270
 269
 22
 266
 22
 266
 22
 266
 26
 21
 270
 26
 266
 269
 26
 21
 30
 67
 20
 270
 269
 26
 269
 27
 24
 269
 270
 26
 26
 266
 157
 22
 269
 28
 21
 19
 26
 26
 266
 266
 21
 269
 158
 265
 22
 22
 266
 159
 26
 24
 26
 23
 17
 236
 72
 64
 17
 157
 49
 266
 22
 266
 21
 26
 26
 210
 111
 103
 141
 92
 82
 68
 93
 80
 108
 120
 27
 115
 111
 76
 126
 56
 117
 71
 108
 61
 118
 112
 191
 43
 100
 116
 80
 362
 270
 266
 25
 277
 26
 158
 21
 24
 269
 26
 269
 270
 25
 26
 266
 22
 24
 17
 27
 71
 79
 33
 176
 26
 269
 22
 25
 265
 266
 26
 266
 26
 27
 26
 19
 196
 82
 21
 32
 269
 24
 21
 22
 25
 17
 269
 219
 265
 26
 268
 269
 26
 265
 26
 18
 269
 265
 26
 25
 26
 22
 269
 21
 270
 22
 265
 269
 26
 265
 269
 269
 150
 22
 28
 26
 265
 22
 26
 16
 17
 27
 32
 26
 265
 21
 265
 265
 22
 21
 21
 21
 32
 35
 317
 269
 21
 25
 269
 23
 266
 26
 26
 270
 269
 25
 266
 322
 21
 274
 26
 22
 270
 32
 26
 20
 21
 21
 266
 21
 269
 22
 266
 22
 22
 269
 26
 26
 167
 62
 52
 65
 126
 47
 36
 89
 127
 138
 17
 270
 266
 26
 27
 269
 22
 26
 24
 265
 265
 26
 269
 22
 21
 266
 26
 21
 23
 189
 265
 26
 22
 22
 270
 17
 21
 21
 267
 269
 269
 22
 26
 22
 266
 22
 269
 25
 27
 270
 21
 22
 23
 266
 269
 25
 266
 266
 26
 22
 17
 26
 26
 266
 26
 270
 22
 213
 269
 26
 24
 269
 26
 21
 21
 22
 269
 267
 24
 269
 21
 26
 224
 61
 128
 124
 95
 126
 270
 41
 17
 25
 270
 26
 17
 266
 159
 265
 270
 27
 337
 266
 159
 265
 26
 270
 26
 26
 269
 265
 22
 20
 31
 25
 27
 82
 40
 138
 24
 23
 120
 70
 80
 132
 103
 111
 86
 82
 102
 65
 120
 88
 77
 79
 91
 127
 14
 65
 98
 68
 122
 185
 245
 27
 269
 269
 26
 26
 26
 266
 27
 265
 23
 22
 271
 265
 22
 270
 26
 22
 19
 275
 32
 26
 20
 269
 160
 265
 26
 26
 21
 27
 145
 270
 23
 269
 167
 269
 21
 27
 265
 27
 18
 25
 56
 134
 95
 16
 27
 87
 21
 26
 181
 58
 104
 389
 270
 157
 26
 22
 26
 265
 26
 26
 22
 265
 269
 157
 26
 22
 153
 60
 19
 152
 21
 14
 21
 22
 269
 26
 265
 26
 22
 269
 22
 266
 22
 265
 22
 151
 269
 22
 26
 23
 19
 266
 159
 26
 26
 269
 266
 26
 22
 265
 158
 265
 26
 17
 81
 266
 26
 332
 266
 26
 246
 21
 22
 266
 270
 266
 270
 160
 270
 22
 22
 22
 266
 26
 26
 21
 27
 215
 95
 190
 266
 27
 26
 22
 266
 22
 22
 17
 159
 79
 23
 270
 25
 269
 265
 22
 26
 269
 269
 22
 269
 27
 62
 50
 59
 300
 22
 266
 26
 22
 265
 22
 267
 269
 26
 26
 270
 269
 26
 25
 270
 266
 23
 21
 45
 160
 266
 270
 27
 26
 22
 26
 269
 22
 26
 22
 26
 25
 18
 42
 21
 33
 266
 157
 22
 90
 352
 62
 113
 22
 197
 113
 203
 43
 266
 26
 24
 269
 22
 269
 269
 27
 24
 270
 27


# name: rhh2
# type: matrix
# rows: 824
# columns: 1
 23
 215
 265
 25
 20
 20
 26
 265
 25
 269
 22
 24
 176
 70
 28
 267
 43
 180
 23
 23
 269
 245
 203
 26
 22
 270
 26
 269
 269
 23
 26
 22
 21
 26
 269
 269
 22
 265
 22
 269
 159
 269
 259
 26
 17
 270
 24
 266
 26
 269
 160
 26
 26
 266
 228
 42
 108
 64
 125
 127
 197
 81
 26
 266
 22
 26
 269
 26
 265
 21
 269
 269
 26
 269
 26
 167
 269
 25
 269
 23
 18
 269
 26
 269
 26
 22
 23
 269
 270
 22
 270
 251
 26
 25
 265
 26
 22
 266
 266
 22
 26
 269
 26
 23
 269
 22
 269
 160
 269
 24
 269
 21
 269
 22
 22
 19
 269
 26
 269
 266
 26
 20
 26
 25
 331
 26
 266
 269
 26
 26
 27
 265
 269
 21
 20
 270
 269
 26
 270
 23
 22
 266
 26
 22
 269
 265
 26
 269
 266
 21
 269
 21
 266
 159
 265
 22
 266
 265
 26
 25
 269
 26
 269
 22
 22
 265
 269
 22
 266
 22
 21
 269
 21
 269
 26
 26
 21
 269
 157
 22
 22
 17
 369
 101
 109
 166
 21
 266
 23
 19
 265
 22
 269
 24
 269
 22
 269
 26
 167
 270
 26
 22
 288
 127
 84
 103
 65
 267
 65
 133
 66
 127
 65
 109
 112
 128
 65
 111
 65
 70
 113
 127
 57
 138
 189
 25
 269
 265
 26
 25
 269
 158
 22
 88
 49
 55
 98
 199
 40
 269
 26
 26
 295
 70
 81
 103
 128
 39
 117
 44
 65
 113
 159
 120
 129
 96
 127
 127
 19
 33
 62
 66
 90
 90
 72
 112
 96
 181
 26
 266
 23
 21
 19
 269
 158
 263
 322
 68
 33
 132
 30
 117
 70
 97
 65
 96
 351
 66
 119
 101
 103
 222
 144
 21
 22
 16
 269
 161
 270
 26
 21
 25
 47
 73
 269
 269
 22
 270
 21
 265
 27
 26
 266
 18
 26
 41
 138
 21
 51
 269
 22
 26
 266
 269
 259
 23
 269
 22
 22
 97
 144
 64
 169
 55
 64
 111
 55
 100
 106
 42
 121
 73
 93
 112
 67
 118
 108
 30
 121
 65
 55
 179
 17
 266
 266
 22
 144
 88
 28
 26
 21
 26
 265
 26
 266
 23
 146
 39
 248
 26
 33
 46
 89
 266
 18
 22
 283
 43
 269
 22
 269
 26
 26
 64
 89
 125
 17
 55
 39
 111
 60
 71
 107
 132
 65
 73
 126
 19
 70
 34
 127
 55
 82
 49
 64
 73
 119
 74
 144
 26
 21
 265
 269
 26
 266
 26
 27
 287
 210
 123
 182
 129
 128
 120
 27
 120
 242
 133
 25
 48
 266
 34
 21
 192
 72
 145
 95
 44
 127
 96
 112
 65
 118
 88
 266
 403
 33
 266
 227
 70
 157
 73
 127
 20
 34
 17
 270
 26
 23
 26
 265
 269
 22
 266
 26
 21
 26
 266
 22
 269
 269
 26
 269
 26
 269
 22
 26
 266
 269
 26
 269
 22
 22
 158
 265
 26
 26
 21
 51
 103
 119
 25
 21
 268
 38
 266
 26
 265
 23
 21
 269
 26
 269
 26
 270
 26
 265
 265
 23
 269
 23
 269
 157
 21
 26
 26
 265
 26
 21
 269
 26
 270
 26
 269
 22
 264
 265
 270
 26
 269
 21
 25
 16
 18
 175
 66
 55
 112
 24
 120
 70
 81
 127
 109
 294
 66
 57
 118
 41
 268
 28
 103
 104
 70
 96
 65
 17
 96
 111
 330
 265
 268
 269
 21
 269
 21
 270
 23
 24
 269
 266
 26
 166
 65
 138
 117
 26
 265
 266
 22
 23
 17
 26
 26
 266
 269
 21
 269
 26
 22
 18
 53
 171
 88
 69
 96
 40
 401
 26
 266
 26
 266
 269
 26
 266
 26
 22
 21
 266
 23
 266
 26
 269
 21
 24
 21
 26
 270
 266
 25
 266
 26
 266
 19
 19
 26
 270
 26
 266
 22
 23
 269
 266
 27
 265
 25
 269
 22
 26
 24
 266
 26
 265
 27
 269
 26
 26
 266
 23
 266
 266
 21
 269
 269
 266
 21
 270
 156
 266
 26
 269
 24
 266
 26
 21
 269
 269
 25
 265
 22
 25
 269
 159
 266
 23
 26
 269
 26
 269
 26
 22
 269
 265
 26
 269
 22
 270
 21
 269
 26
 269
 265
 26
 270
 24
 269
 26
 332
 26
 24
 269
 26
 266
 25
 265
 22
 22
 26
 22
 266
 265
 161
 25
 20
 26
 22
 269
 158
 266
 26
 22
 269
 274
 269
 20
 268
 173
 151
 26
 26
 266
 156
 21
 21
 269
 269
 26
 265
 269
 21
 265
 25
 26
 269
 22
 265
 24
 266
 25
 26
 265
 265
 23
 266
 25
 21
 266
 26
 266
 22
 265
 26
 22
 176
 269
 23
 27
 269
 244
 21
 16
 262
 124
 101
 177
 126
 34
 25
 125
 56
 25
 271
 42
 126
 119
 76
 263
 117
 84
 32
 221
 23
 269
 265
 265
 26
 25
 269
 26
 269
 266
 22
 265
 26
 21
 26
 26
 266
 26
 269
 27
 17
 21
 331
 26
 269
 244
 61
 43
 17
 18
 26
 26
 270


# name: rlr
# type: matrix
# rows: 1
# columns: 57
 20 25 30 35 40 45 50 55 60 65 70 75 80 85 90 95 100 105 110 115 120 125 130 135 140 145 150 155 160 165 170 175 180 185 190 195 200 205 210 215 220 225 230 235 240 245 250 255 260 265 270 275 280 285 290 295 300


# name: rtms1
# type: matrix
# rows: 872
# columns: 1
 184
 98
 97
 337
 98
 139
 94
 94
 94
 94
 337
 341
 95
 341
 98
 98
 100
 338
 99
 337
 94
 323
 94
 95
 332
 341
 95
 98
 341
 337
 94
 341
 274
 89
 98
 186
 74
 341
 336
 99
 73
 166
 80
 126
 55
 88
 119
 128
 64
 129
 65
 119
 86
 87
 118
 193
 212
 277
 97
 337
 251
 338
 97
 341
 99
 254
 94
 97
 341
 337
 219
 101
 97
 337
 337
 95
 97
 94
 338
 301
 98
 98
 95
 342
 268
 98
 315
 95
 95
 342
 235
 341
 99
 100
 98
 341
 94
 96
 93
 93
 104
 217
 89
 103
 95
 258
 341
 97
 341
 99
 338
 338
 94
 96
 99
 95
 338
 94
 99
 235
 337
 94
 94
 337
 337
 98
 89
 341
 308
 338
 96
 337
 337
 98
 95
 93
 202
 98
 95
 338
 341
 95
 95
 98
 97
 99
 178
 82
 341
 94
 337
 341
 98
 96
 196
 337
 291
 98
 98
 94
 340
 98
 89
 95
 164
 161
 94
 341
 99
 98
 97
 276
 94
 226
 99
 99
 341
 341
 99
 98
 341
 285
 338
 98
 338
 98
 337
 341
 342
 268
 338
 93
 341
 97
 269
 168
 94
 90
 337
 291
 338
 94
 337
 98
 342
 321
 341
 97
 341
 98
 98
 90
 168
 341
 95
 96
 99
 93
 90
 99
 137
 338
 338
 88
 337
 98
 337
 97
 324
 92
 99
 68
 17
 170
 181
 70
 354
 96
 93
 88
 19
 99
 98
 337
 341
 98
 254
 342
 94
 95
 341
 337
 98
 341
 99
 341
 94
 94
 290
 337
 97
 338
 98
 251
 94
 341
 98
 341
 99
 95
 341
 99
 338
 98
 337
 342
 99
 338
 341
 99
 342
 299
 98
 254
 94
 96
 158
 96
 338
 99
 98
 261
 274
 341
 94
 99
 337
 96
 95
 341
 98
 338
 93
 339
 341
 337
 95
 342
 99
 97
 337
 99
 307
 341
 346
 98
 96
 337
 98
 99
 337
 99
 96
 98
 341
 99
 98
 338
 98
 92
 207
 126
 120
 93
 98
 341
 337
 98
 89
 341
 98
 196
 73
 115
 64
 79
 90
 292
 95
 51
 65
 228
 98
 98
 98
 94
 98
 97
 341
 227
 341
 98
 94
 301
 17
 33
 104
 98
 99
 340
 337
 98
 337
 98
 337
 98
 235
 180
 96
 337
 252
 336
 121
 17
 125
 69
 121
 344
 55
 72
 198
 477
 312
 157
 98
 98
 94
 206
 338
 98
 337
 94
 338
 98
 115
 66
 183
 267
 337
 291
 92
 108
 323
 116
 134
 267
 99
 129
 19
 67
 87
 266
 31
 98
 114
 74
 192
 130
 26
 55
 301
 470
 331
 97
 98
 341
 339
 94
 321
 92
 341
 275
 94
 258
 341
 99
 97
 141
 207
 94
 252
 337
 94
 95
 95
 341
 98
 184
 99
 95
 342
 94
 341
 342
 98
 337
 94
 98
 338
 337
 98
 338
 341
 342
 98
 338
 99
 338
 235
 317
 337
 99
 341
 341
 94
 257
 341
 99
 341
 98
 98
 342
 99
 341
 97
 95
 133
 94
 96
 89
 98
 219
 198
 213
 341
 97
 341
 97
 98
 341
 98
 89
 93
 70
 100
 337
 95
 337
 100
 244
 337
 304
 337
 98
 96
 211
 96
 96
 337
 98
 291
 337
 98
 98
 275
 338
 99
 97
 92
 64
 188
 78
 113
 111
 131
 209
 206
 99
 96
 338
 98
 99
 341
 94
 98
 92
 93
 343
 244
 199
 191
 44
 197
 115
 127
 130
 19
 106
 137
 103
 119
 113
 126
 65
 259
 113
 113
 120
 59
 103
 180
 89
 97
 341
 98
 95
 112
 92
 94
 97
 98
 98
 98
 341
 95
 337
 94
 251
 94
 95
 73
 143
 132
 64
 117
 74
 65
 93
 338
 94
 136
 73
 108
 93
 150
 36
 309
 337
 229
 337
 243
 147
 105
 112
 215
 166
 93
 214
 98
 97
 96
 99
 89
 337
 99
 95
 341
 342
 97
 261
 90
 337
 95
 97
 97
 94
 99
 341
 252
 98
 99
 341
 341
 229
 232
 70
 26
 44
 54
 306
 337
 98
 332
 104
 100
 97
 338
 97
 99
 99
 89
 204
 99
 91
 93
 95
 337
 98
 96
 98
 98
 195
 276
 341
 17
 97
 285
 338
 98
 98
 337
 340
 338
 94
 91
 94
 94
 97
 338
 98
 337
 338
 97
 337
 95
 99
 337
 98
 99
 176
 99
 337
 92
 99
 229
 92
 95
 66
 83
 266
 337
 342
 229
 341
 230
 341
 99
 342
 94
 95
 341
 99
 98
 341
 97
 94
 96
 181
 341
 98
 337
 98
 94
 93
 337
 267
 96
 96
 341
 99
 94
 341
 91
 135
 18
 99
 337
 98
 94
 337
 338
 94
 98
 338
 341
 95
 341
 338
 98
 94
 338
 332
 341
 99
 98
 90
 188
 92
 95
 341
 229
 99
 98
 90
 191
 159
 72
 337
 98
 337
 94
 98
 338
 98
 98
 338
 341
 94
 342
 97
 99
 92
 96
 43
 127
 342
 261
 91
 93
 199
 96
 94
 292
 338
 229
 99
 96
 292
 337
 95
 236
 98
 338
 98
 235
 341
 99
 341
 98
 237
 341
 229
 337
 98
 98
 183
 94
 95
 341
 99
 337
 337
 285
 96
 297
 99
 96
 94
 337
 94
 98
 94
 337
 99
 98
 92
 337
 98
 98
 337
 94
 337
 337
 307
 98
 173
 341
 97
 98
 337
 94
 323


# name: rtms2
# type: matrix
# rows: 483
# columns: 1
 191
 338
 94
 99
 341
 341
 94
 98
 95
 95
 93
 338
 98
 99
 341
 97
 98
 98
 94
 337
 310
 338
 342
 95
 338
 98
 341
 96
 98
 94
 95
 338
 96
 338
 95
 331
 94
 337
 96
 338
 93
 97
 95
 337
 316
 95
 340
 98
 98
 341
 338
 98
 338
 94
 98
 338
 341
 100
 97
 98
 99
 338
 98
 337
 95
 337
 94
 338
 94
 227
 338
 96
 99
 98
 338
 300
 191
 341
 99
 338
 99
 230
 98
 238
 341
 99
 341
 99
 99
 328
 338
 94
 338
 99
 337
 337
 95
 338
 97
 339
 99
 337
 341
 96
 98
 98
 337
 276
 99
 98
 97
 205
 339
 189
 94
 98
 96
 341
 98
 337
 99
 337
 94
 99
 94
 99
 290
 337
 98
 99
 341
 95
 337
 99
 189
 338
 98
 99
 341
 341
 338
 94
 94
 300
 337
 341
 96
 337
 338
 98
 98
 98
 337
 338
 341
 95
 96
 341
 337
 95
 337
 98
 98
 74
 103
 186
 72
 103
 95
 341
 337
 242
 94
 341
 229
 98
 337
 98
 98
 341
 341
 315
 98
 341
 337
 229
 98
 337
 99
 17
 98
 98
 341
 338
 99
 337
 98
 338
 98
 341
 95
 98
 99
 338
 341
 97
 298
 341
 97
 158
 169
 57
 195
 79
 192
 341
 95
 337
 98
 96
 119
 14
 337
 197
 97
 341
 98
 150
 341
 99
 94
 337
 95
 236
 185
 94
 342
 99
 341
 98
 98
 98
 341
 337
 97
 247
 341
 337
 96
 94
 266
 337
 98
 96
 338
 337
 92
 99
 316
 95
 98
 341
 98
 89
 341
 97
 341
 184
 96
 337
 99
 94
 101
 114
 176
 159
 338
 94
 99
 97
 94
 94
 341
 91
 99
 99
 259
 341
 95
 99
 94
 95
 341
 337
 101
 98
 224
 99
 97
 252
 137
 191
 70
 129
 18
 81
 97
 103
 99
 112
 262
 64
 128
 108
 256
 56
 89
 105
 90
 210
 192
 104
 113
 50
 99
 341
 291
 337
 95
 341
 99
 341
 238
 134
 318
 95
 128
 94
 107
 92
 341
 98
 95
 341
 341
 99
 258
 341
 98
 227
 342
 99
 338
 315
 96
 95
 93
 94
 87
 118
 89
 341
 346
 338
 94
 341
 97
 94
 341
 266
 94
 98
 93
 94
 182
 95
 96
 341
 98
 95
 230
 338
 98
 340
 94
 98
 98
 97
 337
 230
 95
 95
 338
 98
 98
 341
 99
 341
 98
 341
 98
 150
 337
 258
 337
 97
 341
 338
 94
 336
 341
 94
 338
 98
 95
 341
 95
 93
 341
 99
 341
 97
 337
 95
 94
 342
 99
 260
 341
 98
 341
 99
 95
 338
 338
 94
 192
 199
 99
 323
 342
 341
 94
 318
 338
 338
 275
 341
 98
 339
 98
 95
 206
 341
 96
 330
 337
 98
 341
 341
 93
 98
 98
 94
 338
 182
 70
 98
 94
 341
 94
 95
 97
 341
 341
 99
 97
 338
 99
 94
 99
 98
 98


