184
98
97
337
98
139
94
94
94
94
337
341
95
341
98
98
100
338
99
337
94
323
94
95
332
341
95
98
341
337
94
341
274
89
98
186
74
341
336
99
73
166
80
126
55
88
119
128
64
129
65
119
86
87
118
193
212
277
97
337
251
338
97
341
99
254
94
97
341
337
219
101
97
337
337
95
97
94
338
301
98
98
95
342
268
98
315
95
95
342
235
341
99
100
98
341
94
96
93
93
104
217
89
103
95
258
341
97
341
99
338
338
94
96
99
95
338
94
99
235
337
94
94
337
337
98
89
341
308
338
96
337
337
98
95
93
202
98
95
338
341
95
95
98
97
99
178
82
341
94
337
341
98
96
196
337
291
98
98
94
340
98
89
95
164
161
94
341
99
98
97
276
94
226
99
99
341
341
99
98
341
285
338
98
338
98
337
341
342
268
338
93
341
97
269
168
94
90
337
291
338
94
337
98
342
321
341
97
341
98
98
90
168
341
95
96
99
93
90
99
137
338
338
88
337
98
337
97
324
92
99
68
17
170
181
70
354
96
93
88
19
99
98
337
341
98
254
342
94
95
341
337
98
341
99
341
94
94
290
337
97
338
98
251
94
341
98
341
99
95
341
99
338
98
337
342
99
338
341
99
342
299
98
254
94
96
158
96
338
99
98
261
274
341
94
99
337
96
95
341
98
338
93
339
341
337
95
342
99
97
337
99
307
341
346
98
96
337
98
99
337
99
96
98
341
99
98
338
98
92
207
126
120
93
98
341
337
98
89
341
98
196
73
115
64
79
90
292
95
51
65
228
98
98
98
94
98
97
341
227
341
98
94
301
17
33
104
98
99
340
337
98
337
98
337
98
235
180
96
337
252
336
121
17
125
69
121
344
55
72
198
477
312
157
98
98
94
206
338
98
337
94
338
98
115
66
183
267
337
291
92
108
323
116
134
267
99
129
19
67
87
266
31
98
114
74
192
130
26
55
301
470
331
97
98
341
339
94
321
92
341
275
94
258
341
99
97
141
207
94
252
337
94
95
95
341
98
184
99
95
342
94
341
342
98
337
94
98
338
337
98
338
341
342
98
338
99
338
235
317
337
99
341
341
94
257
341
99
341
98
98
342
99
341
97
95
133
94
96
89
98
219
198
213
341
97
341
97
98
341
98
89
93
70
100
337
95
337
100
244
337
304
337
98
96
211
96
96
337
98
291
337
98
98
275
338
99
97
92
64
188
78
113
111
131
209
206
99
96
338
98
99
341
94
98
92
93
343
244
199
191
44
197
115
127
130
19
106
137
103
119
113
126
65
259
113
113
120
59
103
180
89
97
341
98
95
112
92
94
97
98
98
98
341
95
337
94
251
94
95
73
143
132
64
117
74
65
93
338
94
136
73
108
93
150
36
309
337
229
337
243
147
105
112
215
166
93
214
98
97
96
99
89
337
99
95
341
342
97
261
90
337
95
97
97
94
99
341
252
98
99
341
341
229
232
70
26
44
54
306
337
98
332
104
100
97
338
97
99
99
89
204
99
91
93
95
337
98
96
98
98
195
276
341
17
97
285
338
98
98
337
340
338
94
91
94
94
97
338
98
337
338
97
337
95
99
337
98
99
176
99
337
92
99
229
92
95
66
83
266
337
342
229
341
230
341
99
342
94
95
341
99
98
341
97
94
96
181
341
98
337
98
94
93
337
267
96
96
341
99
94
341
91
135
18
99
337
98
94
337
338
94
98
338
341
95
341
338
98
94
338
332
341
99
98
90
188
92
95
341
229
99
98
90
191
159
72
337
98
337
94
98
338
98
98
338
341
94
342
97
99
92
96
43
127
342
261
91
93
199
96
94
292
338
229
99
96
292
337
95
236
98
338
98
235
341
99
341
98
237
341
229
337
98
98
183
94
95
341
99
337
337
285
96
297
99
96
94
337
94
98
94
337
99
98
92
337
98
98
337
94
337
337
307
98
173
341
97
98
337
94
323
