172
416
176
420
175
416
173
177
206
420
48
175
51
173
177
420
177
416
177
177
235
173
48
420
49
420
174
175
177
421
420
173
173
53
177
177
420
51
417
177
171
417
173
177
416
177
39
157
119
45
70
50
65
126
64
109
171
419
83
177
174
420
173
174
420
173
420
51
417
421
421
175
421
177
252
417
177
174
417
173
175
417
417
176
49
417
173
416
269
173
421
173
177
192
177
175
417
173
52
417
173
177
168
39
52
176
417
53
417
175
173
47
177
52
420
417
174
417
182
421
182
32
48
157
61
161
100
290
168
39
39
96
96
34
66
101
111
33
70
129
44
44
132
35
33
48
40
40
71
19
47
34
56
40
73
34
97
117
48
107
80
43
181
96
420
234
173
416
176
51
416
173
177
172
40
39
52
55
44
38
61
43
61
44
44
39
86
39
34
33
38
39
55
51
38
39
115
128
42
116
56
44
107
38
79
34
125
39
116
34
64
33
104
43
109
79
80
43
34
62
95
47
420
52
178
177
420
177
48
178
174
417
238
39
110
40
34
81
75
110
34
70
105
290
39
49
44
50
106
50
184
183
49
420
177
417
252
177
175
420
173
319
289
39
39
39
125
37
51
134
33
39
118
34
70
33
127
33
49
94
34
69
34
132
34
39
93
111
34
103
39
70
155
108
80
44
44
92
92
132
43
34
76
34
55
230
420
420
52
420
175
420
173
51
417
176
420
174
247
416
183
244
55
294
199
31
102
39
51
112
127
45
93
44
93
95
128
34
38
38
115
126
33
64
96
103
44
126
135
27
119
34
34
72
124
67
45
119
40
66
129
34
64
119
50
44
48
49
86
50
123
21
38
95
33
110
47
65
173
417
177
417
174
168
212
157
69
208
294
55
39
49
65
95
34
73
89
111
34
55
33
70
80
295
33
74
39
70
34
87
44
105
46
49
34
70
129
44
33
108
54
290
40
80
44
384
41
119
44
33
72
50
290
45
132
49
173
421
177
421
239
34
112
127
152
51
158
87
82
168
152
90
295
94
85
74
172
176
417
173
177
420
417
52
421
173
51
417
177
277
31
128
349
177
177
172
420
177
174
50
420
39
74
127
106
152
56
34
94
80
50
118
66
127
39
64
123
19
44
103
72
79
111
120
34
63
80
34
98
34
126
14
112
34
76
165
64
40
92
116
102
34
95
34
66
40
124
218
49
64
48
39
39
39
34
311
55
34
61
110
95
34
113
128
64
119
88
34
89
49
88
40
70
111
421
421
289
417
416
177
239
417
421
51
420
173
417
177
177
50
417
52
48
420
177
176
177
170
177
177
417
243
102
174
177
178
416
177
54
420
417
174
49
417
173
52
417
229
47
173
177
420
173
417
420
420
182
175
49
417
177
178
417
173
48
420
177
71
50
416
182
97
207
417
177
177
417
51
174
168
36
71
191
104
420
176
178
416
177
173
418
177
173
420
174
173
420
177
50
416
417
174
48
421
420
177
215
417
177
141
30
35
39
173
421
417
174
417
177
177
173
177
174
417
177
51
173
177
416
268
421
282
176
420
417
173
49
420
173
51
420
421
173
52
417
421
177
176
421
173
36
39
111
28
34
49
171
421
173
420
173
51
181
420
177
174
49
416
177
51
421
175
174
48
417
174
49
215
172
54
420
418
45
49
420
173
177
421
183
173
173
417
181
173
53
420
177
421
177
173
173
175
176
50
421
177
51
420
49
420
173
421
177
176
421
177
177
421
173
420
50
174
416
174
176
417
173
172
50
420
174
47
417
173
252
173
177
420
183
176
50
51
417
220
416
177
177
185
420
177
52
417
177
175
416
417
176
173
174
420
173
420
183
173
174
235
177
210
40
93
39
187
87
46
177
421
420
177
178
173
173
177
177
177
420
177
420
173
53
416
177
173
177
177
417
173
199
417
177
417
177
178
421
420
417
416
173
420
177
49
417
177
176
250
417
421
177
417
173
52
417
182
177
177
50
274
417
174
54
420
173
49
49
177
50
417
177
417
250
416
177
421
177
416
177
177
420
417
177
421
177
177
421
173
177
417
177
177
417
178
420
177
268
420
177
177
173
177
421
420
175
177
416
180
177
51
173
174
269
416
267
420
177
417
182
177
175
177
175
417
421
177
416
420
420
174
173
173
129
301
61
177
417
417
293
177
420
177
177
177
177
420
416
177
420
173
174
420
177
420
417
173
177
53
421
177
52
172
52
417
236
420
180
173
421
171
421
175
174
420
173
173
417
173
170
235
53
51
172
172
420
176
176
420
173
50
420
172
53
421
177
177
420
420
176
420
173
177
49
420
176
177
419
178
235
162
52
173
175
123
168
54
48
420
420
177
420
174
236
177
176
417
177
177
420
182
173
417
177
196
417
177
175
173
33
289
39
38
127
30
121
34
116
43
124
65
126
48
49
80
289
39
65
120
88
34
91
39
101
34
48
38
39
49
34
95
34
70
33
129
33
122
244
53
100
44
100
34
39
99
43
34
49
95
54
48
39
119
34
45
49
34
119
16
34
41
94
63
48
91
87
124
16
25
33
57
70
131
33
70
47
34
34
67
39
82
33
70
119
34
34
86
103
39
73
43
422
56
177
420
175
420
177
420
220
173
173
261
420
420
175
421
173
173
420
177
417
420
417
39
49
172
34
39
80
177
177
416
417
178
47
420
173
176
177
175
417
175
418
417
228
177
51
417
176
48
417
177
230
420
421
177
177
416
417
177
174
421
173
176
50
421
177
421
182
177
177
420
177
53
215
178
173
417
184
168
52
48
420
178
177
177
43
112
178
172
50
417
179
179
213
177
177
173
175
420
420
173
52
417
177
173
199
177
420
173
172
420
421
48
421
173
171
36
133
173
167
177
175
421
417
173
417
175
420
177
48
417
420
173
421
177
420
175
173
120
228
177
175
420
39
150
52
171
175
261
420
173
184
420
332
177
177
420
417
420
177
49
420
174
177
420
177
50
420
285
48
420
420
173
173
420
176
177
49
170
420
192
176
420
417
177
417
36
158
53
177
173
421
421
177
188
417
174
416
174
420
176
172
48
191
49
187
173
417
220
173
175
50
171
35
38
52
417
173
176
417
177
189
416
417
177
420
421
174
49
177
50
416
52
417
417
173
417
173
416
173
175
173
50
421
177
176
136
242
39
65
34
83
90
35
127
241
176
175
417
420
176
177
177
420
177
