180
310
465
293
293
294
296
294
293
13
13
88
13
171
13
293
13
13
294
13
13
294
13
171
13
293
12
13
294
13
13
294
12
12
294
13
43
13
294
13
13
294
13
295
13
171
13
12
12
293
13
12
294
13
171
13
294
13
12
294
12
12
294
13
171
13
42
13
293
12
12
294
13
294
13
171
12
294
13
12
294
13
294
13
168
13
44
13
293
13
294
51
171
13
46
12
294
12
13
294
12
172
13
294
13
13
294
13
12
294
13
120
12
13
13
294
12
12
294
13
13
293
13
172
13
294
12
13
13
13
294
13
171
13
294
13
13
294
12
13
294
13
167
13
293
13
13
294
13
12
293
13
294
13
167
13
293
13
13
294
13
294
13
167
12
172
12
294
13
171
29
82
43
30
30
70
105
31
94
30
82
82
33
121
31
43
30
12
29
13
37
127
31
13
127
41
95
30
43
105
129
43
30
91
178
73
111
31
75
97
100
31
31
134
59
33
113
295
64
13
294
13
294
12
294
12
12
293
13
13
294
13
294
13
169
13
294
12
12
293
13
294
13
171
12
167
44
13
294
13
171
13
170
13
294
12
12
294
13
294
12
169
12
168
294
13
58
13
171
13
168
293
12
294
12
172
13
44
13
294
13
294
13
172
13
172
13
294
13
294
13
294
13
169
13
48
13
294
13
294
12
171
13
167
177
86
218
17
59
13
168
13
30
13
172
172
74
294
13
13
294
13
295
13
171
13
294
13
13
294
12
294
13
171
13
167
13
13
12
293
13
294
13
168
13
293
13
294
13
294
13
171
12
44
13
293
13
294
12
13
13
294
12
12
294
13
294
13
167
13
172
13
294
12
12
294
13
294
13
168
12
170
294
12
13
294
12
168
13
44
12
294
13
104
13
167
13
171
13
294
13
13
293
13
12
13
171
13
293
13
13
294
13
294
13
48
13
120
13
293
13
13
294
13
172
13
293
13
12
294
13
294
12
172
13
172
13
293
12
13
294
12
171
13
170
13
294
12
12
294
13
294
12
172
12
172
13
13
198
44
12
29
13
42
130
32
52
52
59
112
55
132
13
29
127
30
13
29
52
152
80
271
58
43
264
42
30
271
59
43
30
74
33
128
30
59
30
46
132
113
44
81
30
57
43
124
90
171
13
294
13
13
293
12
13
294
13
167
12
294
12
13
294
13
13
293
13
171
13
294
13
12
294
12
13
294
12
294
129
172
13
293
12
13
294
13
294
13
169
13
13
12
293
13
13
294
13
167
13
167
13
293
13
294
13
171
13
167
13
293
13
294
13
44
33
13
13
13
29
127
31
13
33
13
42
29
56
29
59
80
32
104
30
117
13
29
12
29
89
125
26
29
80
128
97
30
59
13
47
13
12
13
293
12
294
12
41
13
293
13
294
13
13
293
13
167
12
293
13
12
294
12
13
294
13
171
13
12
13
294
12
294
13
294
13
169
13
294
13
13
293
13
294
13
171
13
293
12
12
294
13
294
13
43
12
168
12
45
45
171
13
172
13
294
12
13
294
12
294
12
171
13
44
13
293
13
294
13
172
12
42
13
293
12
13
294
13
13
12
294
13
13
294
12
13
294
13
172
13
172
13
45
12
294
13
294
13
171
13
294
13
43
33
31
20
47
154
31
12
30
34
42
59
120
18
44
59
30
30
65
30
58
30
13
42
13
13
49
43
30
13
12
49
56
46
127
46
13
294
13
13
293
13
43
13
294
13
13
294
12
13
294
13
169
13
293
13
13
294
13
13
293
13
171
13
45
13
293
13
13
294
13
294
13
171
13
294
12
13
293
12
294
12
167
13
171
13
294
12
294
13
167
13
294
13
12
294
13
294
12
167
13
294
13
13
294
12
13
294
13
12
294
12
150
13
293
13
12
13
294
13
167
12
13
12
294
13
294
13
171
13
44
13
294
13
12
293
12
167
13
167
12
293
12
294
55
295
13
171
45
294
137
13
294
12
170
13
13
13
293
13
17
294
13
168
13
172
12
294
12
294
67
294
13
167
13
170
13
294
13
294
13
171
13
13
12
294
13
294
12
167
12
43
13
294
13
58
13
168
13
167
13
294
13
294
50
294
12
134
130
30
129
172
13
172
13
168
13
294
13
171
13
171
12
294
13
294
13
171
13
171
13
294
12
12
293
12
293
96
171
13
44
13
45
294
13
171
13
167
13
294
13
294
13
167
13
49
12
293
12
12
294
13
171
13
169
13
294
12
13
294
13
294
13
172
13
294
13
294
13
294
13
168
13
45
13
294
12
294
13
168
13
171
12
45
13
294
12
44
170
12
294
13
12
294
13
59
13
167
13
12
13
294
13
294
13
169
12
13
12
294
13
13
294
13
171
13
166
13
294
12
295
12
294
72
174
13
294
13
13
294
13
294
49
171
13
170
294
142
295
13
168
11
13
171
13
293
13
294
12
172
12
167
13
293
13
13
293
13
294
13
172
13
294
13
13
294
12
294
13
171
12
294
13
12
294
13
294
12
171
12
166
13
293
13
294
52
171
13
145
294
12
294
12
294
13
167
13
33
61
137
170
58
13
294
48
171
13
171
13
294
12
13
293
12
171
13
294
13
13
293
13
13
294
13
47
253
13
151
13
170
168
75
66
13
294
13
294
13
167
13
46
12
293
13
294
13
167
13
171
13
293
13
13
294
13
294
13
171
13
293
13
12
293
13
294
13
33
13
151
13
151
12
29
31
13
42
13
29
13
29
112
127
58
47
105
43
233
74
75
119
127
44
30
67
43
103
43
42
43
64
126
13
34
110
13
45
13
46
12
171
294
13
294
13
13
293
13
12
294
13
13
293
13
44
13
294
13
12
293
13
294
13
172
13
293
13
13
293
13
12
293
13
167
13
171
12
294
13
13
293
13
294
13
171
12
294
13
13
293
13
294
12
171
13
294
13
12
293
12
294
13
168
12
45
13
294
13
294
12
172
13
171
13
168
12
294
12
294
13
171
13
294
13
12
294
13
294
13
171
13
168
13
293
12
13
294
13
171
13
171
12
33
13
151
13
59
13
59
124
30
12
29
125
46
264
48
30
30
13
30
13
128
13
30
34
111
43
114
13
29
130
13
30
43
59
113
30
122
16
58
120
91
43
42
67
30
74
33
55
85
120
32
67
31
65
30
60
97
29
80
171
128
13
30
127
46
127
44
13
294
13
43
12
293
13
13
294
13
13
294
12
171
12
294
13
12
294
13
13
294
12
58
12
170
12
294
13
13
294
12
293
13
170
13
169
13
293
13
294
12
167
12
171
13
171
13
294
12
294
102
45
12
294
13
13
172
172
172
51
294
55
294
12
171
13
46
13
294
13
294
13
167
13
171
12
294
12
294
13
294
13
167
12
294
13
13
294
13
294
12
168
13
294
13
13
294
13
295
13
166
13
11
294
13
13
294
13
294
13
172
13
45
13
294
13
168
294
12
172
13
45
48
168
13
46
13
12
294
13
167
12
171
13
293
13
13
294
12
167
12
172
13
294
13
13
294
13
73
13
167
12
44
13
294
13
294
13
167
12
170
13
294
13
294
12
167
13
12
12
294
13
294
13
167
13
171
137
294
12
294
13
168
13
294
13
13
293
12
294
13
168
13
294
13
12
119
87
12
170
13
167
13
42
12
294
13
294
50
44
13
43
13
294
13
294
13
167
13
169
177
30
30
12
32
13
42
129
13
30
12
29
127
13
46
79
29
13
30
12
43
127
32
12
29
13
29
30
121
30
12
55
130
13
29
13
13
12
29
127
33
29
50
29
13
43
49
30
13
34
111
30
13
43
13
55
13
12
13
42
30
96
43
79
13
13
121
13
58
73
30
131
13
12
45
13
43
13
294
13
294
13
294
13
13
294
13
12
293
13
294
13
112
13
294
12
13
294
13
12
294
13
172
13
294
13
13
294
12
13
294
13
168
13
47
12
294
12
294
13
295
13
167
13
45
13
294
13
294
97
168
13
44
13
12
294
13
168
13
293
13
13
293
13
294
12
171
13
43
12
293
13
13
293
12
128
12
171
13
294
13
13
293
12
192
13
167
13
294
13
12
294
12
12
294
13
168
13
43
13
294
12
12
294
13
171
12
167
13
294
13
12
294
12
294
13
171
13
171
12
293
12
294
13
168
13
72
12
294
13
294
13
171
12
46
13
294
12
294
13
171
12
171
13
294
13
13
294
13
44
168
13
172
294
50
294
13
169
12
294
12
13
66
45
168
12
32
13
32
66
121
43
81
151
84
153
75
97
48
12
294
12
171
12
42
13
294
13
293
49
171
13
167
13
294
13
294
13
44
29
12
29
12
29
13
43
32
13
45
12
45
12
43
152
12
29
12
294
65
171
12
171
13
44
171
172
171
13
294
12
12
293
12
294
13
171
12
171
12
294
12
136
13
171
13
46
13
293
13
13
294
13
167
13
172
12
43
294
12
293
13
171
13
293
13
13
294
13
294
12
171
13
170
11
103
35
65
151
57
172
294
55
13
171
13
293
13
13
293
12
43
171
13
170
294
12
294
48
167
12
171
13
294
13
12
294
13
171
13
168
13
294
13
293
13
294
13
167
13
97
13
294
13
294
13
12
12
293
12
294
13
12
294
13
172
13
168
13
294
13
294
13
172
13
13
13
294
13
13
294
13
294
13
253
13
29
13
34
44
80
152
66
152
13
172
172
13
293
13
13
44
47
171
13
167
13
293
13
12
294
12
294
12
167
13
294
13
13
294
13
294
13
171
13
169
13
12
12
294
13
167
12
167
12
293
12
294
12
294
12
167
13
294
13
13
293
12
294
13
136
12
151
13
137
12
188
46
13
196
172
64
42
12
293
13
294
13
294
13
171
13
294
12
294
13
294
12
173
13
168
13
294
13
294
13
167
12
171
12
294
12
13
294
13
168
13
168
12
45
13
293
13
294
128
172
13
294
13
12
294
12
294
118
170
13
168
13
294
12
294
13
171
13
47
13
293
13
12
294
12
171
13
172
168
33
145
57
44
294
48
168
34
57
80
40
45
171
51
294
66
13
293
13
73
13
168
13
294
12
12
294
12
294
158
45
13
171
172
294
13
172
13
172
13
44
294
12
171
13
294
13
13
294
13
294
12
12
293
13
170
13
13
12
294
13
294
12
171
33
13
46
12
171
29
13
29
12
30
114
30
12
152
12
199
66
121
32
170
183
74
294
13
172
13
48
13
294
13
13
293
12
167
13
46
13
12
294
12
294
13
171
12
294
13
12
294
13
294
13
13
12
47
13
293
13
12
294
13
171
13
47
13
293
13
294
12
184
12
13
13
12
12
294
13
294
118
167
13
294
13
12
294
13
294
13
169
13
48
13
294
13
294
13
172
13
42
12
294
13
294
13
167
304
