181
69
24
24
267
271
23
23
24
64
27
184
74
44
118
152
276
117
27
267
28
23
271
271
23
268
30
28
23
28
28
22
267
158
267
24
271
28
23
270
168
28
271
238
267
27
267
26
267
271
271
267
270
28
24
23
270
267
23
18
18
270
28
271
24
28
28
271
25
267
23
176
64
271
27
18
271
157
25
29
22
23
101
61
72
108
18
33
267
206
27
23
267
157
27
23
271
157
28
271
270
27
23
267
28
267
27
23
271
28
137
273
32
24
25
267
160
271
160
24
54
135
119
69
20
49
299
59
76
271
24
23
22
271
18
25
267
27
26
23
270
156
24
22
32
268
157
28
24
268
18
28
27
19
33
22
23
29
146
314
75
64
96
55
48
70
82
19
37
34
22
28
27
23
153
90
63
128
37
85
120
102
88
277
35
18
28
22
23
28
25
119
184
27
28
267
160
270
158
267
219
271
158
23
271
158
267
247
27
28
23
271
28
24
267
24
27
267
160
267
28
24
21
28
28
267
24
23
271
160
271
160
28
23
267
238
28
25
270
24
271
23
158
27
21
28
267
267
26
66
266
25
23
267
267
28
181
270
27
271
158
23
27
271
23
27
270
23
27
271
28
23
18
74
29
255
17
122
122
47
57
22
159
23
267
23
27
18
256
17
191
77
74
219
270
267
24
270
204
92
127
34
108
72
80
96
110
33
55
306
27
271
28
271
25
23
270
156
270
268
25
267
18
238
18
67
43
19
35
21
24
267
24
209
91
201
117
39
17
25
27
27
267
270
23
270
268
23
23
271
28
24
267
267
24
27
22
28
271
28
25
271
157
270
28
267
268
23
22
65
166
309
89
23
22
27
267
267
270
220
268
27
22
23
270
27
23
26
137
121
17
26
20
64
268
181
23
24
334
163
58
90
85
123
93
112
79
211
189
176
80
65
65
96
70
49
88
95
24
55
271
166
271
28
267
157
268
27
26
271
28
24
267
28
271
271
24
28
23
32
199
271
160
375
73
96
111
85
127
33
33
111
26
96
100
127
64
130
104
56
94
56
263
33
42
108
359
89
119
14
145
129
24
28
25
270
24
25
22
24
27
21
271
161
138
22
70
183
122
28
147
23
21
22
20
268
76
270
27
28
23
46
268
142
270
24
20
237
238
28
27
22
18
18
29
21
26
270
28
27
270
270
19
27
267
28
24
267
27
267
270
271
25
271
23
28
270
157
267
27
26
270
48
24
26
74
85
24
28
19
85
55
148
22
270
270
26
27
27
271
24
29
24
267
28
23
271
20
27
25
267
158
18
267
159
27
271
24
271
268
24
188
24
27
271
267
196
26
271
24
25
267
27
270
24
105
183
268
23
23
270
27
267
27
23
270
23
23
267
28
261
93
84
121
34
93
65
124
18
88
166
273
56
270
27
27
321
81
65
18
53
135
23
127
270
157
24
270
223
27
23
28
159
72
57
277
35
19
40
34
21
22
29
33
48
19
28
32
51
24
23
270
25
268
26
271
26
22
246
61
101
19
23
80
267
27
26
270
270
267
29
270
28
25
267
28
24
28
19
144
61
122
108
127
32
56
48
86
127
56
128
111
95
68
72
104
49
88
80
64
96
108
65
115
33
110
110
111
33
92
24
85
96
216
200
270
17
219
267
27
254
268
271
28
24
28
90
70
103
65
152
55
302
65
37
128
101
78
119
125
25
79
65
66
117
65
48
87
28
22
32
61
43
33
159
260
118
93
32
100
104
108
72
80
18
101
134
64
119
141
126
267
24
23
267
23
20
350
39
111
85
102
118
137
25
64
226
122
118
129
18
95
26
33
56
40
150
85
28
271
24
267
28
27
271
24
270
271
27
271
268
27
25
27
267
28
271
24
267
24
270
23
28
271
271
24
270
267
24
23
27
199
271
28
267
267
26
269
270
28
27
270
23
28
271
267
23
270
28
267
267
27
27
271
28
28
22
271
28
271
267
28
22
270
27
270
27
26
267
23
267
271
27
24
267
271
23
267
158
27
27
270
26
267
143
117
78
87
329
140
42
271
23
267
28
270
271
25
267
23
271
23
23
267
28
28
271
271
27
267
28
24
19
28
270
27
27
271
267
267
27
271
22
24
24
25
271
271
26
27
268
24
267
270
267
24
284
135
45
64
296
67
72
23
27
267
268
23
270
27
271
28
271
267
28
23
27
268
28
271
28
231
28
28
271
24
22
271
28
316
