88.9
215
0
89.0
89.0
89.0
89.5
330
89.8
84.7
84.8
84.8
332
576
84.8
84.7
324
80.6
207
331
0
80.4
80.6
76.3
76.3
76.2
76.4
327
452
76.3
0
311
318
67.7
67.7
0
59.5
556
59.4
59.3
55.1
55.1
55.0
55.5
50.8
50.7
50.8
51.3
50.7
0
0
0
148
522
148
148
148
148
270
639
144
144
638
144
144
144
392
144
144
144
140
140
144
140
390
139
139
140
261
0
1139
881
623
0
131
506
131
131
131
131
131
127
127
375
0
1372
498
372
122
0
367
0
236
110
0
101
101
0
335
217
93.0
93.7
334
93.0
88.9
89.5
88.8
88.9
84.7
211
329
88.9
84.7
84.6
84.7
80.3
84.7
324
449
80.4
80.6
80.4
80.4
325
76.0
327
80.6
320
320
76.2
319
76.2
76.1
76.1
76.2
72.1
71.8
72.0
564
71.9
569
72.1
72.0
72.1
72.1
194
197
322
71.9
818
76.9
569
0
1195
938
71.9
72.0
72.1
78.1
72.0
71.9
71.9
76.3
76.3
327
76.6
568
328
76.2
319
76.2
76.2
76.7
76.6
76.2
319
76.2
320
325
80.8
329
76.3
80.4
0
80.4
80.3
80.5
80.5
80.4
80.9
80.5
80.4
332
332
84.6
0
1326
0
76.1
76.3
76.4
76.1
76.6
76.3
76.1
76.2
320
76.2
76.2
76.4
80.3
329
0
322
71.8
72.0
71.9
566
574
323
0
67.7
68.2
67.8
309
67.7
63.4
308
64.0
63.4
67.7
63.4
63.6
63.6
0
55.1
59.4
59.2
59.5
55.0
59.2
54.9
59.5
0
0
59.3
302
59.4
178
59.3
59.2
59.9
59.2
59.8
59.3
59.1
63.6
59.4
59.2
59.3
59.3
59.1
63.5
59.4
59.2
304
63.5
63.4
63.6
59.3
0
55.1
54.9
54.9
51.2
50.9
301
51.0
50.9
46.5
46.5
546
47.1
288
46.6
42.2
42.3
42.7
42.3
288
165
165
163
0
152
153
152
273
392
391
274
389
148
144
144
144
269
634
516
392
140
391
139
0
132
131
127
127
127
619
127
252
122
127
122
376
123
372
123
118
118
118
118
858
366
115
114
364
114
604
354
110
110
106
110
105
105
106
353
106
847
346
101
0
478
602
101
97.4
97.6
224
0
97.4
589
97.4
93.3
93.3
217
93.3
93.4
468
89.0
89.0
88.9
714
337
88.9
84.7
85.3
84.8
577
0
0
67.8
191
67.6
67.8
63.5
63.5
63.6
304
59.2
59.4
300
59.2
59.4
924
59.2
55.1
0
50.7
46.4
46.6
46.5
46.5
42.3
42.4
42.8
38.2
37.9
165
161
161
411
161
408
286
157
406
281
157
648
157
157
405
153
651
152
149
275
148
148
388
144
387
144
144
144
144
139
139
265
139
386
262
135
135
131
0
123
375
122
248
119
119
0
110
235
110
230
105
106
106
105
102
101
101
102
601
97.2
350
348
339
97.6
713
338
93.4
93.4
961
218
468
93.0
341
343
93.0
333
338
0
81.4
80.5
80.4
81.0
76.2
76.2
76.2
327
327
76.2
0
0
2443
0
2311
1929
0
1678
929
304
59.7
59.7
59.3
59.4
59.3
55.1
55.1
54.9
55.1
546
54.9
50.8
294
0
0
0
3669
0
3171
2420
1553
795
178
304
50.7
50.8
50.7
291
46.7
46.4
46.5
42.8
42.3
0
1660
911
42.3
42.3
42.5
42.8
407
406
405
287
286
161
283
156
161
526
157
157
157
157
156
153
153
152
528
644
276
276
776
152
401
392
148
399
148
148
272
0
144
144
144
144
144
140
140
264
139
135
135
135
131
131
131
131
131
131
127
251
253
127
127
247
367
123
123
364
123
123
496
118
118
118
118
114
115
115
114
110
110
110
105
232
105
105
105
105
105
101
101
102
101
98.0
0
88.9
89.5
88.9
89.0
338
84.6
84.7
84.8
0
72.1
72.1
71.9
71.7
72.6
68.2
67.8
67.8
63.4
63.6
63.7
63.4
59.7
59.4
59.2
55.1
55.4
55.9
55.5
55.1
50.8
50.8
50.8
46.6
0
0
281
278
152
274
0
152
152
0
1393
636
518
144
0
261
260
136
135
135
131
256
131
131
127
250
127
377
127
127
373
500
127
123
122
122
123
123
364
122
122
119
118
118
365
119
118
114
114
114
110
354
110
362
110
110
110
361
110
852
110
110
233
106
106
106
105
105
101
101
101
101
97.4
97.6
344
97.5
97.5
93.2
93.2
93.1
0
84.5
84.8
84.5
80.7
332
324
80.4
80.9
80.5
80.3
76.3
76.3
328
76.1
76.2
326
76.2
76.4
72.0
72.5
72.0
314
72.0
0
307
308
67.7
63.3
63.9
63.5
63.3
59.2
59.4
303
59.2
59.2
310
311
432
59.2
59.2
55.1
59.1
299
59.2
308
308
59.3
679
430
59.4
54.9
55.1
55.1
55.4
50.9
294
50.7
50.9
298
50.6
674
50.8
548
46.6
47.1
46.6
42.4
42.4
42.3
42.4
288
37.8
161
161
161
287
413
346
414
414
0
1282
408
282
0
1158
646
0
1524
0
1635
0
1386
0
1271
645
396
144
144
272
144
271
395
645
268
144
144
391
637
145
143
270
144
517
144
385
144
144
140
517
139
140
387
139
139
387
264
382
637
266
140
638
383
390
516
139
139
139
139
388
140
514
515
139
135
135
262
135
759
261
135
135
382
507
135
131
131
874
374
258
131
633
131
256
131
506
256
256
127
127
621
0
119
118
118
368
118
114
732
114
114
360
110
487
612
238
110
478
0
345
101
102
101
101
342
476
226
101
723
98.0
97.4
97.6
338
97.5
93.7
0
85.1
578
84.8
0
1452
575
0
312
195
561
67.7
67.9
316
67.8
67.9
67.8
0
0
55.5
55.1
55.0
302
180
297
55.2
55.0
55.1
304
55.0
55.1
55.2
558
59.3
59.3
59.3
59.4
306
184
55.1
59.0
55.3
59.2
59.3
59.3
59.3
59.3
59.3
59.8
59.3
59.2
677
59.8
559
182
301
59.3
