# Created by Octave 3.8.2, Wed Apr 06 17:43:28 2016 BST <yy12135@salties>
# name: D
# type: matrix
# rows: 18
# columns: 4
 83.83799999999999 84.468 0.06103515625 -0.6910351562500097
 83.843 84.468 0.1220703125 -0.7470703125
 83.82899999999999 84.468 0.213623046875 -0.85262304687501
 84.40900000000001 85.006 0.396728515625 -0.9937285156249942
 84.392 85.006 0.6103515625 -1.224351562500004
 84.491 85.006 0.79345703125 -1.308457031250001
 84.404 85.006 1.007080078125 -1.609080078125004
 84.4205 85.006 1.220703125 -1.806203124999996
 86.0745 85.544 2.38037109375 -1.849871093749996
 88.526 85.544 4.791259765625 -1.809259765625001
 93.205 85.544 9.521484375 -1.860484374999999
 100.3365 85.544 16.632080078125 -1.839580078124996
 108.099 86.08199999999999 23.8037109375 -1.78671093749999
 120.009 86.08199999999999 35.675048828125 -1.748048828124993
 131.902 86.08199999999999 47.54638671875 -1.726386718750007
 150.866 86.08199999999999 66.58935546875 -1.805355468750008
 166.014 86.08199999999999 81.695556640625 -1.763556640624984
 180.3075 86.08199999999999 95.947265625 -1.721765624999989


# name: E
# type: matrix
# rows: 18
# columns: 1
 -0.6910351562500097
 -0.7470703125
 -0.85262304687501
 -0.9937285156249942
 -1.224351562500004
 -1.308457031250001
 -1.609080078125004
 -1.806203124999996
 -1.849871093749996
 -1.809259765625001
 -1.860484374999999
 -1.839580078124996
 -1.78671093749999
 -1.748048828124993
 -1.726386718750007
 -1.805355468750008
 -1.763556640624984
 -1.721765624999989


# name: TA
# type: matrix
# rows: 18
# columns: 1
 0.06103515625
 0.1220703125
 0.213623046875
 0.396728515625
 0.6103515625
 0.79345703125
 1.007080078125
 1.220703125
 2.38037109375
 4.791259765625
 9.521484375
 16.632080078125
 23.8037109375
 35.675048828125
 47.54638671875
 66.58935546875
 81.695556640625
 95.947265625


# name: TP
# type: matrix
# rows: 18
# columns: 1
 84.468
 84.468
 84.468
 85.006
 85.006
 85.006
 85.006
 85.006
 85.544
 85.544
 85.544
 85.544
 86.08199999999999
 86.08199999999999
 86.08199999999999
 86.08199999999999
 86.08199999999999
 86.08199999999999


# name: TR
# type: matrix
# rows: 18
# columns: 1
 83.83799999999999
 83.843
 83.82899999999999
 84.40900000000001
 84.392
 84.491
 84.404
 84.4205
 86.0745
 88.526
 93.205
 100.3365
 108.099
 120.009
 131.902
 150.866
 166.014
 180.3075


# name: ans
# type: scalar
81.695556640625


# name: dtlsapptime0_06ms
# type: matrix
# rows: 1
# columns: 397
 84.099 83.85899999999999 251.955 83.977 83.634 83.749 83.83199999999999 83.812 83.78 83.86199999999999 83.66500000000001 83.48399999999999 83.899 84.08 83.777 84.017 83.91800000000001 83.864 83.872 83.729 83.962 83.65600000000001 83.869 83.88200000000001 83.65900000000001 83.746 83.72 84.003 83.898 83.96599999999999 83.88200000000001 83.72199999999999 84.21599999999999 83.899 83.84099999999999 252.314 83.68899999999999 83.767 83.526 83.431 83.90000000000001 84.298 83.90300000000001 84.113 83.798 379.829 83.68600000000001 83.759 83.94499999999999 83.628 84.134 83.715 84.136 83.919 83.55500000000001 83.809 83.84099999999999 83.64100000000001 84.232 83.77500000000001 83.949 83.76300000000001 83.85299999999999 83.69 83.756 83.88800000000001 83.925 83.532 83.82899999999999 84.004 84.045 84.003 84.447 83.822 83.91500000000001 83.989 83.626 83.744 84.014 83.764 83.854 83.931 84.05 83.85899999999999 83.661 83.721 84.121 83.98699999999999 83.749 84.252 83.84999999999999 83.92100000000001 83.836 83.827 83.91200000000001 83.883 83.84699999999999 84.011 83.66200000000001 83.95099999999999 83.625 84.18300000000001 83.80200000000001 83.925 83.82299999999999 83.97199999999999 83.81999999999999 83.955 84.154 83.69799999999999 83.71599999999999 379.091 83.705 83.842 83.96299999999999 85.235 83.77200000000001 83.90000000000001 83.70399999999999 83.773 83.861 83.801 83.941 84.018 83.82299999999999 83.81399999999999 83.575 84.33199999999999 83.73099999999999 84.042 83.634 83.92 83.834 83.812 83.908 83.80200000000001 83.607 83.812 83.843 83.79000000000001 83.791 84.09999999999999 83.762 83.682 83.846 84.244 83.51000000000001 83.91 83.908 83.88800000000001 83.77200000000001 83.735 83.80800000000001 83.834 83.643 83.715 380.194 83.804 84.419 83.77200000000001 83.718 83.80500000000001 83.535 83.66 83.69 83.64700000000001 83.649 83.467 83.74299999999999 83.896 84.215 84.014 83.563 83.758 84.28100000000001 83.824 84.014 83.776 83.724 83.61799999999999 83.875 83.64400000000001 83.831 83.657 83.679 84.276 83.768 83.914 84.461 83.95999999999999 83.721 380.775 83.867 83.895 83.78100000000001 83.87 83.617 84.08799999999999 83.929 83.61499999999999 83.758 83.708 83.792 83.742 83.825 84.32299999999999 84.295 83.79000000000001 83.765 84.47499999999999 83.883 83.727 83.946 83.953 83.895 83.673 84.42400000000001 83.745 83.854 83.908 83.792 83.857 84.011 83.899 253.945 83.898 83.59699999999999 83.77200000000001 83.86499999999999 83.63800000000001 83.473 83.67400000000001 84.289 83.755 83.959 83.83199999999999 83.76600000000001 84.14400000000001 83.839 83.81399999999999 83.941 83.79600000000001 83.929 84.264 84.369 83.873 83.85599999999999 83.761 253.095 84.414 83.79600000000001 83.681 83.923 83.959 83.66800000000001 83.861 84.26900000000001 83.59699999999999 83.85299999999999 83.752 83.75700000000001 83.914 83.873 83.761 83.904 84.173 83.91500000000001 83.425 84.188 83.816 83.761 83.709 83.851 84.39700000000001 83.744 83.979 83.91200000000001 83.771 83.925 83.72799999999999 83.809 84.33199999999999 83.672 83.75 84.02800000000001 83.73 83.739 83.854 83.736 84.575 84.053 377.998 83.736 84.14 83.851 83.946 83.962 83.696 83.714 84.46899999999999 83.851 83.639 380.613 83.807 83.658 83.89400000000001 83.708 83.70399999999999 83.88500000000001 83.595 83.95 84.402 83.803 83.837 83.992 84.42700000000001 83.79900000000001 83.84399999999999 83.83799999999999 83.883 83.941 83.65600000000001 83.726 84.212 83.684 83.73999999999999 83.84699999999999 83.965 83.779 83.774 83.834 84.041 83.765 84.456 83.801 83.791 83.96599999999999 83.72499999999999 83.73 83.812 83.717 83.839 83.961 83.661 83.68300000000001 83.806 83.67700000000001 83.88 83.968 83.883 83.861 83.801 83.66200000000001 83.807 84.18300000000001 83.836 83.83799999999999 84.17100000000001 83.77500000000001 84.036 83.624 83.988 83.91800000000001 83.935 83.861 83.88800000000001 83.812 83.839 83.59999999999999 83.90000000000001 83.84699999999999 83.91500000000001 83.56999999999999 83.732 83.72 83.813 83.759 84.05800000000001 83.863 83.742 83.54900000000001 83.738 83.92700000000001 84.05200000000001 83.833 83.873 83.8 83.8 83.72799999999999 83.785 83.911 83.958 83.745 83.87 83.739 83.684 83.782


# name: dtlsapptime0_12ms
# type: matrix
# rows: 1
# columns: 382
 83.56100000000001 83.66 83.905 84.02800000000001 83.76900000000001 84.55800000000001 83.871 379.471 83.899 84.393 84.01900000000001 84.035 83.605 83.708 83.59 380.343 83.952 84.173 83.80800000000001 83.745 83.7 84.925 83.73699999999999 83.619 84.574 83.843 83.861 83.99299999999999 83.938 84.036 84.101 83.596 84.014 83.961 83.935 84.178 84.40000000000001 83.94199999999999 83.983 83.86199999999999 83.96899999999999 83.65600000000001 83.919 83.767 83.621 83.551 83.744 83.517 83.976 83.973 83.72 83.886 379.024 84.253 83.95 83.833 83.78400000000001 84.102 83.645 254.966 84.392 83.553 83.542 83.86199999999999 83.751 83.72799999999999 83.749 83.669 83.874 83.89100000000001 83.703 83.761 83.745 83.843 83.86 83.767 83.991 83.821 83.815 84.274 83.762 83.98699999999999 91.63800000000001 83.764 83.95999999999999 84.208 83.962 83.92700000000001 84.60599999999999 84.03400000000001 83.827 83.51900000000001 83.672 84.19 83.958 83.779 83.714 84.221 83.682 83.871 83.666 84.779 83.84099999999999 83.749 83.908 380.007 83.735 83.669 83.864 255.408 84.095 83.809 84.023 83.59999999999999 83.913 377.373 83.812 83.852 83.90000000000001 83.782 84.051 83.788 83.935 84.459 83.914 83.812 84.01300000000001 83.899 84.221 83.654 83.53400000000001 83.967 83.69199999999999 83.77800000000001 83.999 83.73 83.52500000000001 83.852 83.786 83.836 83.864 83.58199999999999 83.78 84.169 83.417 83.795 84.074 83.759 83.721 83.834 83.831 83.932 84.07299999999999 254.791 83.729 83.61499999999999 84.20399999999999 84.53 83.813 83.905 83.97199999999999 84.02800000000001 83.944 83.907 83.852 83.96599999999999 83.779 83.851 84.00700000000001 83.71299999999999 84.161 83.73 83.819 83.569 83.61199999999999 256.375 84.145 83.938 83.86 254.544 83.827 84.148 83.992 83.789 84.306 83.756 83.887 83.837 83.947 83.733 84.152 83.792 83.831 84.051 506.17 83.745 254.996 83.907 83.869 253.783 83.79900000000001 84.304 83.729 83.649 83.774 83.626 83.721 253.861 84.072 84.129 83.98699999999999 83.64 83.48099999999999 83.708 83.587 83.90600000000001 83.759 83.988 83.72199999999999 83.767 380.102 84.47799999999999 84.001 84.55500000000001 83.72799999999999 83.661 83.955 84.05200000000001 83.51600000000001 83.93300000000001 83.715 83.86799999999999 83.94499999999999 83.649 83.792 84.377 84.012 83.816 83.455 83.84 83.75 83.65000000000001 83.59699999999999 83.869 83.761 83.871 252.065 83.742 83.51600000000001 83.738 83.867 83.919 83.872 84.03100000000001 83.858 83.813 83.45999999999999 83.751 83.879 83.73099999999999 84.33199999999999 83.788 83.96599999999999 83.601 83.792 83.672 83.578 84.246 83.899 83.92 83.712 83.967 83.745 83.675 83.752 83.69499999999999 83.709 83.771 83.767 83.88 83.87 83.71599999999999 83.86799999999999 83.84999999999999 83.682 83.651 83.69499999999999 84.134 83.813 84.334 83.69499999999999 83.657 83.996 83.983 83.616 379.328 84.02200000000001 83.777 84.119 83.754 254.411 378.119 83.88 83.595 83.968 83.82899999999999 83.67400000000001 83.634 83.687 83.739 83.684 83.80500000000001 378.433 83.87 83.889 83.711 83.562 83.931 377.036 83.886 83.55 83.629 83.99299999999999 83.758 83.85899999999999 83.92700000000001 254.607 83.818 83.66800000000001 83.92400000000001 83.679 83.89400000000001 83.779 83.66800000000001 83.97499999999999 83.646 83.486 379.132 83.946 83.566 83.916 377.032 83.79000000000001 83.81699999999999 83.908 83.807 83.837 83.7 83.745 83.827 83.682 83.72499999999999 83.878 83.8 83.871 83.741 84.148 84.03700000000001 83.648 84.286 83.693 83.77 83.864 83.66 83.864 84.26900000000001 83.66800000000001 83.538 83.637 83.663 83.58799999999999 83.83199999999999 83.666 83.71599999999999 83.663 83.76600000000001 83.925 380.838 83.797 84.024 252.815 83.40000000000001


# name: dtlsapptime0_21ms
# type: matrix
# rows: 1
# columns: 369
 84.44 83.92700000000001 83.77500000000001 83.754 83.84699999999999 84.261 83.79000000000001 84.13200000000001 83.748 83.79600000000001 83.851 83.602 83.92700000000001 83.523 83.70399999999999 83.78 84.31399999999999 84.19 83.90300000000001 83.992 83.788 83.849 83.744 83.792 83.497 83.93600000000001 83.58799999999999 32.707 83.717 83.791 83.943 83.727 84.08499999999999 83.73099999999999 83.831 83.848 83.831 83.54300000000001 83.655 83.911 83.941 83.876 83.82899999999999 84.09699999999999 83.97799999999999 83.828 83.648 83.67400000000001 83.82299999999999 83.998 83.512 255.117 83.726 83.801 83.669 83.935 83.514 83.807 252.529 84.298 83.813 83.735 83.681 83.63200000000001 83.754 83.889 83.946 83.75 83.777 83.636 83.767 83.694 83.86499999999999 83.85299999999999 83.935 83.986 83.961 83.703 83.855 84.07599999999999 83.714 83.863 83.889 83.773 83.709 83.892 83.953 83.73099999999999 83.673 83.777 83.916 83.833 83.761 254.096 252.288 378.13 84.127 83.79900000000001 83.776 83.98099999999999 83.854 83.735 83.79600000000001 83.71299999999999 83.83499999999999 83.76900000000001 84.325 83.66500000000001 83.962 83.699 83.837 83.72499999999999 83.98999999999999 83.83499999999999 376.883 84.054 84.04300000000001 83.86499999999999 83.855 84.328 84.087 83.752 83.854 83.892 83.8 84.104 84.026 83.94 83.78700000000001 83.795 83.839 83.601 83.95 83.751 83.732 83.711 84.413 84.134 83.928 83.818 83.596 83.645 84.011 83.724 83.783 83.788 83.63200000000001 84.19199999999999 83.78400000000001 83.58799999999999 83.72 83.92100000000001 83.992 83.958 83.78 84.095 83.879 84.36799999999999 83.721 83.764 83.938 83.77 84.22799999999999 84.09399999999999 83.85599999999999 83.81 84.358 83.776 83.87 83.59099999999999 83.78100000000001 83.777 83.67 83.773 83.91 83.70999999999999 84.05 83.64400000000001 380.188 83.82899999999999 83.86499999999999 83.58499999999999 83.845 84.20099999999999 83.92100000000001 83.77500000000001 83.80200000000001 83.818 84.167 83.916 83.66200000000001 83.771 83.688 83.631 83.595 85.10299999999999 83.943 84.142 84.045 83.821 83.887 83.84999999999999 83.56999999999999 83.81699999999999 84.327 83.815 83.723 379 84.122 83.935 83.904 83.762 83.92 84.36799999999999 83.626 83.758 83.803 83.98699999999999 83.82899999999999 83.735 83.818 83.48099999999999 253.301 83.696 83.90000000000001 84.108 83.848 83.974 83.617 84.02800000000001 83.78400000000001 83.848 83.855 83.749 83.762 83.893 84.026 83.889 84.196 83.97 83.702 83.792 83.756 83.782 83.56999999999999 83.71899999999999 83.90600000000001 84.11199999999999 84.002 83.878 83.848 83.69199999999999 83.762 83.755 83.762 83.627 83.63800000000001 83.581 84.024 83.895 83.883 83.71599999999999 83.884 84.03700000000001 83.718 83.64700000000001 83.602 83.84999999999999 83.729 83.96599999999999 83.639 83.563 83.592 83.759 83.901 83.83499999999999 84.643 83.84399999999999 83.813 83.952 83.60599999999999 83.761 83.73 253.265 84.02 83.774 83.872 83.997 83.777 83.905 84.401 83.66500000000001 83.947 83.761 83.572 83.667 83.57599999999999 83.90900000000001 84.179 83.71599999999999 83.953 83.70999999999999 83.822 83.803 83.80500000000001 83.932 83.52 83.526 83.851 83.676 83.78700000000001 83.89400000000001 84.251 83.872 83.625 84.289 83.83499999999999 84.203 83.96599999999999 83.932 83.803 83.73399999999999 83.78 83.81699999999999 83.71299999999999 83.87 83.90300000000001 377.541 83.51600000000001 84.039 83.886 84.33 83.747 83.72 84.41 83.83799999999999 83.529 85.242 83.756 83.83199999999999 83.47499999999999 84.28400000000001 83.78100000000001 83.59699999999999 83.714 83.834 84.117 83.67400000000001 83.437 83.432 83.669 83.878 83.794 84.038 83.812 83.97799999999999 83.85299999999999 83.714 84.128 83.57599999999999 83.833 84.093 83.8 83.938 84.414 83.904 84.19799999999999 83.8 83.857


# name: dtlsapptime0_4ms
# type: matrix
# rows: 1
# columns: 393
 82.741 82.852 84.712 84.307 84.271 377.825 84.621 84.374 84.884 84.452 84.72799999999999 84.426 84.351 84.425 84.33499999999999 84.983 84.432 84.285 84.282 84.328 84.715 84.524 84.51600000000001 84.247 84.515 84.158 84.309 84.355 377.556 84.598 84.401 84.402 84.29000000000001 82.681 82.456 82.604 84.14700000000001 84.49299999999999 84.366 84.601 84.086 84.218 84.232 84.515 84.26600000000001 84.687 84.605 84.039 84.13200000000001 85.018 84.73399999999999 84.29300000000001 84.36199999999999 84.38500000000001 85.014 84.29900000000001 84.31399999999999 84.20099999999999 84.134 84.136 84.29600000000001 84.673 84.42100000000001 84.253 84.227 84.45399999999999 84.621 84.746 84.414 84.312 85.00700000000001 84.578 84.221 84.541 84.514 84.91800000000001 84.313 84.35299999999999 84.20999999999999 84.13800000000001 84.265 84.236 84.373 84.646 84.64100000000001 84.059 84.601 84.801 84.8 84.114 84.371 84.55800000000001 84.301 84.40900000000001 84.572 84.167 84.378 84.279 84.181 84.47499999999999 84.20699999999999 84.251 84.2 378.695 84.425 84.2 84.289 84.468 84.538 84.916 84.42700000000001 84.289 84.377 84.461 84.411 84.373 84.515 84.361 84.459 84.51300000000001 84.855 84.867 84.79600000000001 84.184 84.43300000000001 84.575 84.471 84.678 84.294 84.217 84.474 84.169 84.39 84.764 84.479 84.471 84.282 84.905 84.33 84.33199999999999 84.313 84.188 84.56 84.75 84.379 92.07299999999999 84.30200000000001 84.211 84.34 84.374 84.65300000000001 84.34 84.297 84.64700000000001 84.51000000000001 84.217 84.429 84.185 84.605 84.354 84.241 84.303 84.56 84.47 84.46299999999999 84.408 84.491 84.342 84.309 84.292 85.215 84.646 84.221 84.477 84.548 84.324 84.702 84.40900000000001 84.307 84.556 84.456 84.715 84.542 84.18600000000001 84.313 84.538 84.5 84.071 84.741 84.401 84.34999999999999 84.426 253.672 84.393 84.411 84.19799999999999 84.639 84.69199999999999 84.15900000000001 84.47499999999999 84.37 84.34099999999999 84.22499999999999 84.991 84.42700000000001 84.239 84.51300000000001 84.419 84.88200000000001 84.336 84.404 380.087 84.217 84.17100000000001 380.565 84.348 84.238 84.955 84.48999999999999 84.267 84.33499999999999 84.419 84.456 84.58199999999999 84.22 84.511 84.732 84.723 84.687 84.43000000000001 84.499 84.47199999999999 84.42700000000001 84.55 84.56699999999999 84.288 84.042 84.511 84.179 84.559 84.398 84.34 84.735 84.425 84.361 84.053 84.925 84.184 84.687 84.518 84.367 84.462 84.572 84.20399999999999 84.456 84.22 84.64700000000001 84.464 84.407 84.51900000000001 84.14 84.26300000000001 84.459 84.557 84.244 84.288 84.22499999999999 84.342 84.343 84.76900000000001 84.59399999999999 84.15600000000001 84.258 84.42700000000001 84.377 84.40000000000001 84.20699999999999 84.54900000000001 84.29900000000001 84.265 84.36 84.354 84.342 84.238 84.398 84.188 84.93300000000001 84.26900000000001 84.239 83.96299999999999 84.35599999999999 84.40900000000001 84.54600000000001 84.361 84.492 84.14 84.13500000000001 84.822 378.836 84.56699999999999 84.276 84.42400000000001 84.46599999999999 84.821 84.23399999999999 84.812 84.289 84.27800000000001 84.38 84.369 85.03700000000001 84.57899999999999 84.405 84.642 84.435 84.544 84.69799999999999 84.559 84.33 84.43899999999999 84.52800000000001 84.42100000000001 84.71599999999999 84.14700000000001 84.30800000000001 84.44199999999999 84.407 84.38200000000001 84.44499999999999 84.295 84.43899999999999 85.431 84.384 84.489 380.217 84.59399999999999 84.40300000000001 84.398 84.459 84.29000000000001 84.414 84.80800000000001 84.70999999999999 84.30200000000001 84.254 84.215 84.438 84.53700000000001 84.633 84.435 84.307 84.18899999999999 84.383 84.456 84.286 84.218 84.559 84.916 84.307 84.07599999999999 84.116 84.203 84.938 84.408 84.97 84.203 84.259 84.54000000000001 84.357 84.351 85.20699999999999 84.26000000000001 84.176 84.604 84.476 84.61 84.529 84.541 84.34999999999999 84.32899999999999 84.57299999999999 84.985 84.452 84.334 84.18899999999999 84.429 84.393 84.681 84.70699999999999 84.533 84.774 84.224 84.43000000000001


# name: dtlsapptime0_61ms
# type: matrix
# rows: 1
# columns: 411
 84.43000000000001 84.494 84.779 84.479 84.124 84.492 84.262 84.30200000000001 84.083 84.352 84.136 84.703 84.42700000000001 84.405 84.35899999999999 84.321 84.334 84.456 84.342 84.164 84.583 84.586 84.512 84.48399999999999 84.441 84.249 84.40300000000001 84.873 84.349 84.389 84.244 84.193 84.371 84.366 84.389 84.456 84.378 84.461 84.449 84.592 84.34 84.348 84.55200000000001 84.381 84.52 84.101 84.32299999999999 84.422 84.605 84.846 84.438 84.361 84.416 84.35599999999999 84.072 84.517 84.431 84.55800000000001 84.58199999999999 84.34999999999999 84.372 84.38500000000001 84.309 84.30200000000001 84.48699999999999 84.22499999999999 84.599 84.36 84.218 84.33 84.254 84.48399999999999 84.44499999999999 84.348 86.04000000000001 84.45399999999999 84.30500000000001 84.249 84.27 84.426 84.31699999999999 84.84999999999999 84.258 84.78400000000001 84.41500000000001 252.815 85.127 87.512 84.60899999999999 84.367 84.878 84.982 84.7 380.657 84.23099999999999 84.77 84.26900000000001 84.626 84.663 84.31699999999999 84.29900000000001 84.34099999999999 84.286 84.711 84.514 84.20699999999999 84.497 84.392 84.31399999999999 380.251 84.315 84.54600000000001 84.271 84.605 84.32599999999999 84.441 84.209 84.095 84.069 84.29000000000001 84.182 84.54300000000001 84.455 84.279 84.31699999999999 84.544 84.39700000000001 84.31 84.37 84.602 84.33799999999999 84.65000000000001 84.46299999999999 84.233 84.67 84.352 84.42 84.29900000000001 84.521 84.30200000000001 84.34699999999999 84.119 84.373 84.227 84.398 84.413 84.31100000000001 84.191 84.458 84.22199999999999 84.27800000000001 84.42400000000001 84.283 84.376 84.616 84.32899999999999 84.53100000000001 84.223 84.447 84.321 84.438 84.321 84.64700000000001 84.372 84.52200000000001 84.43899999999999 84.283 84.26000000000001 84.42400000000001 84.461 84.878 84.274 84.31100000000001 84.108 84.292 84.502 84.379 84.55500000000001 84.617 84.925 84.361 84.506 84.524 85.11499999999999 84.568 84.29600000000001 84.286 84.294 84.322 84.286 84.33799999999999 84.523 84.369 84.574 84.259 84.129 84.352 84.339 84.298 84.98099999999999 84.536 84.407 84.383 84.224 84.949 84.398 84.143 84.277 84.38800000000001 84.526 84.95 84.38500000000001 84.399 84.455 84.455 84.631 84.831 84.479 84.495 84.49299999999999 84.7 85.069 84.46599999999999 84.934 84.596 84.255 84.43600000000001 84.31699999999999 84.20099999999999 84.791 84.437 84.24299999999999 84.517 84.456 84.29000000000001 84.51000000000001 84.13 378.545 84.55 84.161 84.38800000000001 84.486 84.372 84.307 84.498 84.39700000000001 84.35899999999999 84.373 84.292 251.99 84.366 84.48099999999999 84.706 84.31100000000001 84.265 84.517 84.38200000000001 379.615 84.238 84.91800000000001 84.143 84.283 84.414 84.366 84.449 84.194 84.129 84.29600000000001 84.581 84.89400000000001 84.828 84.384 84.50700000000001 84.241 84.45999999999999 84.35899999999999 84.506 84.455 84.468 84.48099999999999 84.486 84.248 84.343 84.44 84.533 84.828 84.43899999999999 84.304 84.509 84.38800000000001 84.404 84.816 84.434 84.379 84.29000000000001 84.294 84.372 84.224 84.506 84.194 84.137 84.366 84.294 84.24299999999999 84.396 84.239 84.267 84.661 84.167 84.18899999999999 84.17700000000001 84.34999999999999 84.242 84.501 84.247 84.46599999999999 84.94 84.19799999999999 377.074 84.288 84.536 84.45999999999999 84.40600000000001 84.517 84.67700000000001 84.47199999999999 84.32599999999999 84.29900000000001 84.346 84.26000000000001 84.444 84.7 84.538 84.248 84.435 84.09 84.443 84.23 84.28100000000001 253.928 84.393 84.09999999999999 84.58499999999999 84.404 84.54000000000001 84.127 84.214 84.26900000000001 84.14100000000001 84.197 84.79600000000001 84.048 84.294 84.578 84.776 84.139 84.29900000000001 84.167 84.744 84.34099999999999 84.426 251.761 84.318 84.321 84.179 84.45099999999999 84.366 84.19 84.782 84.414 84.33799999999999 84.396 84.462 84.166 84.295 84.307 84.809 84.357 84.96299999999999 84.327 84.581 84.482 379.281 84.72 84.44499999999999 84.173 84.124 84.265 84.863 84.251 380.866 84.176 84.557 84.349 84.879 84.605 84.425 84.357 84.40000000000001 84.934 84.18300000000001 84.208 84.51300000000001 84.58 84.42 84.422 84.233 84.81699999999999 84.30200000000001 84.383 84.489


# name: dtlsapptime0_7
# type: matrix
# rows: 1
# columns: 422
 84.595 84.613 84.476 84.349 84.39400000000001 84.645 84.946 84.224 84.30200000000001 84.834 84.43899999999999 84.465 84.29600000000001 84.78400000000001 84.872 84.383 84.512 84.43899999999999 84.194 84.325 84.367 84.563 84.346 84.264 84.322 84.13500000000001 84.931 84.39400000000001 84.52 84.239 84.667 84.104 84.502 84.224 84.28 253.868 84.116 84.125 84.55 84.342 84.764 84.78400000000001 84.212 84.483 84.42 84.952 84.42 84.687 84.29600000000001 84.393 84.45999999999999 84.242 84.99299999999999 84.348 84.399 84.38200000000001 84.188 84.29600000000001 84.358 84.812 84.681 84.56100000000001 84.09399999999999 84.441 84.59 84.01300000000001 84.35899999999999 84.337 84.22199999999999 84.474 84.31399999999999 84.31699999999999 84.083 84.87 84.224 84.05 84.577 84.46899999999999 84.364 84.255 84.30200000000001 84.572 84.39 84.501 84.18300000000001 84.991 84.383 86.884 84.788 84.554 84.64 84.69199999999999 84.48999999999999 84.898 84.586 84.739 378.314 84.238 84.53700000000001 84.29900000000001 84.45399999999999 84.595 84.22499999999999 84.5 85.19 84.41 84.318 84.19799999999999 84.545 84.90000000000001 84.193 84.254 84.60899999999999 84.372 84.71299999999999 84.245 84.43600000000001 84.59 84.44499999999999 84.20699999999999 84.14700000000001 84.584 84.343 84.393 84.04900000000001 84.157 84.295 85.161 84.29600000000001 84.367 84.249 84.265 84.38200000000001 84.28 84.46599999999999 84.52800000000001 84.389 84.179 84.331 85.003 84.584 84.526 84.101 85.07299999999999 84.61499999999999 84.83 85.03100000000001 84.43300000000001 84.628 84.547 84.29000000000001 84.358 84.426 84.59 84.65000000000001 84.352 84.833 84.977 84.46899999999999 84.128 84.423 84.529 84.461 84.113 84.40000000000001 84.423 84.61499999999999 84.90900000000001 84.253 84.378 84.244 84.47499999999999 84.021 84.414 84.354 84.057 254.926 84.604 84.381 84.518 84.709 84.364 379.488 84.291 84.221 84.456 84.479 84.76600000000001 84.685 84.655 84.754 84.18000000000001 84.322 84.41500000000001 84.73399999999999 84.52200000000001 84.05500000000001 84.63 84.80500000000001 84.20399999999999 84.96299999999999 84.634 84.40900000000001 84.167 84.173 84.48999999999999 84.70699999999999 84.42100000000001 84.83499999999999 84.518 84.53 84.544 85.66800000000001 84.889 84.45699999999999 84.08 84.57899999999999 84.383 84.86499999999999 84.31100000000001 84.502 84.527 84.726 85.48 84.44799999999999 84.248 84.45399999999999 84.733 84.95699999999999 84.43600000000001 84.502 84.361 84.265 378.61 84.188 84.232 84.509 84.245 84.634 84.342 84.279 84.712 84.17700000000001 84.416 84.801 84.285 84.324 84.437 84.617 84.658 84.542 84.619 84.194 85.05500000000001 84.19199999999999 84.628 85.03100000000001 91.982 84.45399999999999 84.304 84.291 84.375 84.71299999999999 84.804 84.81100000000001 84.301 84.50700000000001 84.58799999999999 84.833 84.40600000000001 84.137 84.467 84.646 84.697 84.616 84.392 84.367 84.297 84.36199999999999 84.904 84.42100000000001 84.196 84.453 84.148 84.26600000000001 84.136 84.474 84.387 84.377 84.306 380.009 84.64700000000001 84.27 84.30800000000001 84.575 84.822 84.393 84.444 84.55200000000001 84.089 84.642 84.85299999999999 84.733 84.285 84.587 84.43000000000001 84.452 84.488 84.38200000000001 84.11 84.32899999999999 84.777 84.371 84.637 84.617 84.664 84.947 84.562 84.649 84.56999999999999 84.20999999999999 85.09399999999999 84.264 84.482 84.389 84.489 84.715 84.47 84.249 84.254 84.60599999999999 84.61 84.553 84.018 84.61499999999999 84.696 84.238 84.21299999999999 84.751 84.54900000000001 378.505 84.291 84.79600000000001 84.306 84.62 84.223 84.22499999999999 84.371 84.18600000000001 84.997 84.61 84.444 84.131 84.755 84.218 84.224 84.331 84.268 84.401 84.36499999999999 84.312 84.08 84.887 84.495 84.443 84.96899999999999 85.48399999999999 84.29000000000001 84.422 84.78 84.44799999999999 85.218 84.348 84.42 84.498 84.622 84.364 84.14400000000001 84.952 84.52200000000001 84.492 83.913 84.449 84.389 84.295 84.262 84.306 84.33199999999999 84.32599999999999 84.50700000000001 84.318 84.518 84.167 84.264 84.387 84.39400000000001 84.414 84.45999999999999 84.51600000000001 84.34 84.492 84.14100000000001 84.81999999999999 84.553 84.396 84.232 84.97 84.33 84.13200000000001 84.354 84.28100000000001 84.04000000000001 84.548 85.006 84.461 84.28 84.42100000000001 84.578 84.309 84.768 84.654 84.425


# name: dtlsapptime16_6ms
# type: matrix
# rows: 1
# columns: 460
 100.405 100.605 100.211 100.184 100.324 100.289 100.338 100.384 100.186 100.329 100.733 100.424 100.408 100.527 100.168 100.462 100.508 100.199 100.904 100.386 100.547 100.494 100.208 100.394 100.132 377.78 100.698 100.345 100.291 252.405 101.051 100.442 100.353 100.255 100.058 100.297 100.495 100.35 100.587 100.349 100.2 100.482 378.904 100.111 100.801 100.394 100.379 100.123 100.09 100.407 97.238 100.313 100.388 100.546 100.585 100.293 100.06 100.779 100.676 100.566 100.446 100.262 100.369 100.129 100.523 100.606 100.241 100.282 100.045 100.35 100.269 100.183 100.22 100.24 100.026 100.532 100.304 100.334 100.61 100.3 100.07 100.275 100.486 100.487 100.935 100.831 100.465 100.358 100.298 100.569 100.377 100.31 100.424 100.087 100.421 100.051 100.209 100.331 100.57 100.133 100.065 100.276 100.391 100.372 100.162 100.117 100.538 98.73999999999999 100.58 100.529 100.101 100.219 100.475 100.403 100.472 100.335 100.09 100.314 100.209 100.345 100.281 100.169 100.293 100.179 100.363 99.971 100.458 100.334 100.508 100.201 100.582 100.567 100.385 100.41 100.186 100.327 100.42 100.839 100.181 100.141 100.4 100.835 100.621 100.826 100.307 100.368 100.194 100.619 100.41 100.637 100.102 100.157 100.44 100.265 100.792 100.187 100.057 100.477 100.209 100.615 100.376 100.203 100.414 101.094 100.247 100.075 100.381 100.339 100.441 100.393 100.214 100.159 100.985 100.204 100.248 100.05 100.388 100.031 100.259 100.179 100.91 100.404 255.591 100.414 100.476 100.212 100.159 100.069 100.22 100.208 100.623 100.327 100.175 100.312 100.203 100.204 100.257 100.446 100.7 100.317 100.249 100.28 100.513 100.317 100.337 100.198 100.265 100.368 100.239 100.302 100.528 100.746 100.25 100.615 100.425 100.384 100.151 100.532 100.519 100.342 100.676 100.715 100.674 100.098 100.321 100.388 100.437 100.514 100.858 100.495 100.364 100.489 100.496 100.219 100.191 100.188 100.73 100.298 100.187 100.308 100.498 100.2 100.321 100.187 100.051 100.044 100.397 100.525 100.187 100.106 100.224 100.261 100.307 100.104 100.23 100.705 100.872 100.494 100.767 100.364 100.491 100.142 100.218 100.185 100.338 100.235 100.221 100.199 100.953 100.188 100.428 100.851 100.638 100.47 100.889 100.292 100.029 100.404 100.354 100.257 100.485 100.079 100.835 100.808 100.245 100.429 99.98999999999999 100.306 100.671 100.154 100.197 100.101 100.46 251.644 100.115 100.131 100.335 100.66 100.31 100.393 100.509 100.063 100.501 100.471 100.699 100.546 100.207 100.475 100.336 100.527 100.377 100.949 100.247 100.201 100.202 381.239 100.759 100.196 100.428 100.306 100.052 100.292 100.671 100.947 100.9 100.691 100.212 100.292 100.257 100.442 100.298 100.551 100.479 100.156 100.205 100.149 100.183 100.567 100.984 100.192 100.277 100.252 100.743 100.271 100.558 100.169 100.38 100.282 100.338 100.422 100.2 100.572 100.238 100.135 100.071 100.512 100.554 100.517 100.354 100.29 100.377 100.267 100.467 100.811 100.277 100.07 100.944 100.354 100.296 100.162 100.242 99.923 100.344 252.633 101.592 100.272 100.298 100.352 100.322 100.231 100.103 100.267 100.265 100.886 100.223 100.162 100.034 99.92400000000001 100.463 100.609 100.516 100.388 100.474 100.332 100.229 100.453 100.163 100.424 101.079 100.353 100.148 100.309 100.301 100.328 100.356 100.183 100.176 100.218 100.843 100.791 100.308 100.327 100.354 100.389 100.558 100.274 100.231 100.586 100.084 100.165 100.35 100.545 100.157 100.235 100.376 100.66 100.249 100.136 100.325 100.345 100.281 100.122 100.108 100.426 100.456 100.096 100.241 100.014 100.089 100.087 100.364 100.364 100.659 100.419 100.547 100.282 100.271 100.339 100.237 100.531 100.299 100.444 100.375 100.413 100.176 100.054 100.57 100.378 100.272 100.469


# name: dtlsapptime1_0ms
# type: matrix
# rows: 1
# columns: 412
 84.56699999999999 84.267 84.405 84.429 84.453 84.788 84.105 84.455 84.467 84.26600000000001 84.09 84.389 84.17700000000001 84.06399999999999 84.34699999999999 84.681 84.48699999999999 378.419 84.29300000000001 84.581 84.116 84.23 84.06999999999999 84.754 84.46599999999999 84.098 84.477 85.253 84.45399999999999 254.086 84.27800000000001 84.43300000000001 84.15900000000001 84.545 84.267 84.288 84.379 84.56100000000001 84.608 84.297 84.563 84.15600000000001 84.19799999999999 84.38800000000001 84.59399999999999 84.488 84.34699999999999 84.72 84.544 84.425 84.557 84.283 84.489 84.521 84.15900000000001 84.279 84.184 84.241 84.425 84.366 84.407 84.363 84.238 84.212 84.449 84.62 84.48099999999999 76.622 84.72799999999999 84.14700000000001 84.77 84.3 84.57899999999999 84.992 84.488 84.31 84.59 84.087 84.419 84.321 84.223 84.294 84.501 84.41500000000001 84.521 84.505 84.392 84.611 84.26300000000001 84.23999999999999 84.187 84.47799999999999 84.291 84.322 84.601 381.087 84.265 84.40000000000001 84.419 84.337 84.628 84.675 84.685 84.232 84.306 84.968 84.72 84.399 84.79000000000001 84.68300000000001 84.858 378.71 84.464 84.31 84.709 84.309 84.087 84.58799999999999 84.431 254.925 84.256 84.51300000000001 84.501 84.544 84.384 84.48099999999999 84.17400000000001 84.235 84.2 84.821 377.142 84.797 84.178 84.55500000000001 84.236 84.517 84.244 84.48699999999999 84.366 84.458 84.208 84.173 84.256 84.399 84.42400000000001 84.501 84.434 84.196 84.431 84.379 84.67100000000001 84.44 83.994 84.149 84.30200000000001 84.535 84.38500000000001 84.294 84.276 84.11 84.274 84.31699999999999 84.575 84.461 84.47 84.374 84.14400000000001 84.596 84.67100000000001 84.64 84.497 84.60299999999999 84.41 84.56999999999999 379.13 84.378 84.443 84.32899999999999 84.756 84.51900000000001 84.938 253.908 85.392 84.61499999999999 84.43899999999999 84.28 84.16 84.18899999999999 84.194 84.334 84.97 84.373 84.276 378.114 84.806 84.377 84.42400000000001 84.063 84.146 84.68899999999999 84.461 84.538 84.337 84.83499999999999 84.48699999999999 84.351 84.467 84.372 84.202 84.866 84.19 84.46899999999999 84.88200000000001 84.268 84.419 84.26000000000001 84.776 84.629 84.15300000000001 84.76000000000001 84.30800000000001 84.307 84.214 85.027 84.337 84.217 84.261 84.319 84.66 84.283 84.343 380.058 84.223 84.23099999999999 84.59999999999999 84.502 84.34399999999999 84.861 84.43300000000001 84.512 84.322 84.31999999999999 84.349 84.22499999999999 84.462 84.378 84.48099999999999 84.33199999999999 84.524 84.13800000000001 84.738 84.71599999999999 84.297 84.33 84.328 84.39700000000001 84.379 84.77 84.58 84.342 84.334 84.188 84.345 84.88200000000001 84.179 84.298 84.166 84.34699999999999 84.224 84.502 84.43600000000001 84.404 84.072 84.322 84.607 84.19499999999999 84.188 84.383 84.703 85.01300000000001 84.446 84.42700000000001 84.611 84.569 84.244 84.611 84.26300000000001 84.30800000000001 84.28 84.39 84.404 84.35599999999999 84.328 84.11499999999999 84.367 84.642 84.239 84.36199999999999 84.447 84.491 84.255 84.59999999999999 84.19499999999999 84.497 84.23699999999999 84.53400000000001 84.696 84.67400000000001 84.474 84.46899999999999 84.235 84.242 84.566 84.264 84.279 84.215 84.76600000000001 84.628 84.55 84.402 85.124 85.06999999999999 85.624 84.245 84.63 84.589 379.923 84.306 84.748 84.785 84.31699999999999 84.182 84.36499999999999 84.27 84.17700000000001 84.399 84.393 84.224 84.363 84.166 84.265 84.27200000000001 84.363 84.42700000000001 84.646 84.25 84.434 84.239 84.935 84.58 84.321 84.58799999999999 84.465 84.15300000000001 84.384 84.595 84.322 84.39100000000001 84.645 84.41500000000001 85.036 84.37 84.652 84.26000000000001 84.47199999999999 84.31 84.087 84.30500000000001 84.92 84.477 84.625 84.26900000000001 84.345 84.20399999999999 84.229 84.512 84.70699999999999 84.746 84.31 84.45399999999999 84.515 84.38 84.325 84.32599999999999 84.265 84.486 84.604 84.483 84.68600000000001 84.40600000000001 84.54900000000001 84.379 84.431 84.39 84.092 84.44 84.18300000000001 84.238 84.952 84.672 84.56399999999999 84.508 84.54900000000001 84.19799999999999 84.34099999999999 84.40300000000001 84.494 84.65900000000001 84.26600000000001 84.69499999999999 84.45 84.30800000000001


# name: dtlsapptime1_2ms
# type: matrix
# rows: 1
# columns: 442
 84.559 84.179 84.408 84.203 380.195 84.209 84.604 84.68300000000001 84.33199999999999 84.342 84.35299999999999 84.294 84.274 84.34699999999999 84.253 84.506 84.282 84.294 84.46599999999999 84.559 84.57599999999999 84.574 84.443 84.38 84.694 84.928 378.733 84.468 84.471 84.645 84.502 85.042 84.387 84.76000000000001 84.46599999999999 84.596 84.404 84.32599999999999 84.446 506.078 84.456 84.11 84.295 84.29000000000001 84.425 84.248 84.239 84.352 84.354 84.51000000000001 84.59999999999999 84.35599999999999 84.396 84.476 84.38500000000001 84.369 84.19199999999999 84.578 84.161 84.379 84.327 84.182 84.295 84.506 84.72799999999999 84.163 84.292 84.19799999999999 84.074 84.11199999999999 84.45 84.268 84.26900000000001 84.426 84.417 84.443 84.40300000000001 84.301 84.364 84.709 84.637 84.336 84.425 84.578 84.63500000000001 84.496 84.67 380.239 84.593 84.072 84.574 84.86 84.404 84.324 84.246 84.383 84.371 84.752 84.78 84.42 84.45 84.371 379.605 84.044 84.18899999999999 84.53 84.203 84.40300000000001 84.276 84.614 84.70699999999999 84.471 84.33199999999999 84.82599999999999 84.458 84.854 84.521 84.471 84.38 84.55 84.249 84.485 84.42700000000001 84.416 84.17700000000001 84.422 84.246 84.41 84.20999999999999 84.774 84.45999999999999 84.36799999999999 84.43300000000001 84.209 84.352 84.057 84.301 84.65300000000001 84.166 84.467 84.169 84.511 84.654 84.29000000000001 84.181 84.233 84.51300000000001 84.5 84.259 84.355 84.188 84.182 84.369 84.539 84.175 84.434 84.179 380.178 84.55800000000001 84.672 84.446 84.902 84.443 84.137 84.898 84.03400000000001 84.46599999999999 84.61 84.419 84.119 84.122 84.565 84.18000000000001 84.64100000000001 84.408 84.98999999999999 84.479 84.036 84.86199999999999 84.15900000000001 84.291 84.45399999999999 84.59399999999999 84.459 84.023 84.309 84.732 84.312 84.486 84.47499999999999 84.566 84.88200000000001 378.772 84.25 84.69199999999999 84.307 84.536 84.91500000000001 84.146 84.46599999999999 84.377 84.31999999999999 85.246 84.459 84.547 84.54300000000001 380.19 84.72499999999999 84.208 84.511 84.304 84.233 84.384 84.759 84.32599999999999 84.363 84.31999999999999 84.399 84.416 380.292 84.357 84.265 84.661 84.179 84.248 84.54900000000001 84.435 84.244 84.018 84.867 84.399 84.47799999999999 84.23399999999999 84.682 84.68000000000001 84.45399999999999 84.398 84.405 84.369 84.282 84.34999999999999 84.363 84.42400000000001 84.393 84.322 84.19799999999999 84.745 84.048 84.374 84.239 84.346 84.497 84.095 84.527 84.121 84.842 84.623 84.65600000000001 84.489 84.372 84.092 84.548 84.508 84.28 84.70699999999999 84.446 84.52 84.172 84.157 84.065 84.38800000000001 84.669 84.084 84.19199999999999 84.486 84.815 84.69199999999999 84.892 84.56 84.39700000000001 84.354 84.41 84.211 84.944 85.05200000000001 84.34699999999999 84.03700000000001 84.095 84.511 84.828 84.43000000000001 84.44199999999999 84.413 84.31100000000001 378.447 84.50700000000001 84.733 84.788 85.06399999999999 84.76900000000001 85.20999999999999 84.562 84.81999999999999 84.881 84.91 84.76900000000001 84.289 84.464 84.34 84.715 84.666 84.374 84.39700000000001 84.569 84.529 84.357 84.65900000000001 84.717 84.747 84.476 84.40000000000001 84.506 84.599 84.64100000000001 84.367 84.346 84.438 84.358 84.636 84.539 84.236 84.577 84.443 84.33799999999999 84.44199999999999 84.619 84.43899999999999 84.43899999999999 84.45999999999999 84.563 84.22799999999999 85.004 84.645 84.419 84.84099999999999 84.306 84.40600000000001 84.557 84.577 84.408 84.907 252.049 84.31399999999999 84.16200000000001 84.176 84.605 84.185 84.53400000000001 84.078 84.29000000000001 84.297 84.414 84.526 84.414 84.61199999999999 84.40000000000001 84.57899999999999 84.23099999999999 84.565 84.428 84.539 84.307 84.995 84.41500000000001 84.379 84.333 84.348 84.661 84.449 84.349 84.419 84.77800000000001 84.235 84.253 84.28 84.50700000000001 84.434 84.453 380.381 84.187 84.309 84.075 84.166 84.709 84.33499999999999 84.31999999999999 84.437 84.13800000000001 84.444 84.31999999999999 84.536 84.429 84.307 84.336 84.32599999999999 84.554 84.182 84.64100000000001 84.444 84.316 84.553 84.16 84.54900000000001 84.423 84.166 84.19199999999999 84.42100000000001 84.75700000000001 84.64700000000001 84.20099999999999 84.206 84.589 84.529 84.318 84.166 84.256 84.462 84.057 84.788 84.35299999999999 84.402 84.506 84.342 84.191 84.714 84.333 84.343 84.208 84.661 84.285 84.261 84.407


# name: dtlsapptime23_8ms
# type: matrix
# rows: 1
# columns: 397
 255.216 108.028 108.109 108.088 108.066 107.995 108.224 107.898 108.041 108.303 108.382 108.058 378.901 108.119 108.19 108.062 379.918 108.155 107.901 377.399 108.372 108.073 108.207 108.024 108.121 108.141 108.176 107.829 376.951 108.597 108.015 108.521 108.203 108.181 108.239 380.365 108.164 380.553 107.944 108.12 108.377 107.971 108.09 108.379 108.432 108.123 108.129 107.91 254.76 108.021 107.84 107.985 108.643 108.042 108.098 108.085 253.969 108.077 107.968 107.965 108.247 107.914 107.995 108.017 107.856 108.61 107.945 108.143 108.07 108.012 108.061 107.999 108.037 108.15 108.04 108.316 107.79 108.277 108.176 108.059 108.092 107.941 108.83 108.047 108.458 108.074 107.807 108.19 107.863 251.581 108.527 107.928 107.966 107.922 108.431 108.655 107.944 108.112 108.093 108.15 108.614 108.55 107.966 108.68 107.908 108.242 108.113 108.138 107.867 108.248 108.161 108.182 108.047 107.918 107.984 253.619 108.619 107.983 108.042 108.183 108.138 107.985 108.129 108.057 108.186 108.094 108.262 108.171 108.099 107.985 108.175 109.838 108.186 108.824 107.83 108.224 108.054 108.114 108.017 108.001 108.033 108.067 108.232 108.387 108.099 107.962 108.294 108.099 108.009 108.563 108.295 108.161 107.955 108.022 108.202 108.48 108.128 108.087 108.066 108.164 108.148 108.096 108.13 108.428 108.153 108.156 108.466 107.923 108.172 107.896 108.047 108.026 108.009 107.997 108.339 107.779 108.003 108.124 107.965 377.757 108.137 108.062 108.056 107.848 107.759 108.252 107.971 108.15 108.149 108.746 108.032 108.079 108.135 108.546 107.902 108.125 108.025 108.031 107.917 107.944 378.989 108.254 107.837 108.429 108.06 108.022 108.149 107.837 107.888 107.787 108.123 107.959 108.115 108.489 107.958 108.011 108.093 108.068 107.891 108.17 107.963 108.287 107.981 107.979 108.152 108.068 108.052 107.788 107.972 108.113 108.171 107.853 107.918 107.95 107.897 108.007 108.572 108.408 107.759 108.135 108.032 108.057 107.965 107.863 108.263 108.015 108.424 108.113 108.095 107.877 107.924 108.439 108.113 108.152 108.018 107.926 108.396 108.5 108.481 108.102 380.602 108.352 108.165 108.142 108.46 107.914 108.054 107.918 108.104 108.23 108.072 107.986 108.138 108.09 107.956 108.591 107.772 108.188 108.108 107.93 108.449 108.035 107.974 108.639 108.067 108.143 107.929 108.151 108.285 108.106 108.026 108.136 107.812 108.115 108.327 381.143 108.171 108.243 108.001 108.232 107.913 108.243 107.927 108.311 107.835 107.982 108.006 108.162 107.994 108.206 108.104 108.233 380.31 108.588 108.104 108.123 107.956 107.943 107.912 108.115 108.392 253.32 108.118 107.722 108.108 107.991 378.991 107.927 107.967 107.96 108.002 107.76 108.037 108.18 108.07 108.078 108.249 107.889 108.248 108.397 108.353 108.304 108.15 107.974 108.053 107.87 108.063 108.05 108.005 108.372 108.117 108.383 107.807 107.987 108.124 108.159 107.967 107.916 108.184 171.839 108.053 108.161 107.971 108.134 108.076 108.057 108.01 108.221 108.114 107.933 107.888 107.772 380.852 107.941 108.087 108.153 108.042 108.375 108.037 218.658 108.052 378.676 107.963 107.985 108.561 107.999 108.015 108.248 107.87 108.113 108.449 108.006 107.98 108.673 108.292 108.222 108.114


# name: dtlsapptime2_4ms
# type: matrix
# rows: 1
# columns: 418
 86.322 86.20999999999999 85.861 85.809 87.65600000000001 85.855 86.348 86.16800000000001 85.792 85.768 86.02500000000001 85.877 86.157 85.97199999999999 86.235 86.07599999999999 86.03700000000001 85.994 86.20999999999999 86.086 86.235 86.65900000000001 85.97499999999999 86.43600000000001 86.148 86.211 86.88 85.98399999999999 86.215 85.886 85.98699999999999 86.173 86.298 85.889 86.006 86.40600000000001 86.10599999999999 86.11 86.09399999999999 86.258 85.877 86.212 85.821 85.836 86.286 85.779 85.791 86.29900000000001 86.23399999999999 93.755 85.792 87.27200000000001 86.27800000000001 85.96899999999999 86.39100000000001 86.004 86.086 85.797 85.79300000000001 86.063 86.122 85.85599999999999 85.93600000000001 86.533 86.089 86.19 86.605 87.218 86.783 86.021 86.185 86.224 86.705 85.952 86.432 86.253 86.714 86.252 86.58799999999999 86.25700000000001 86.123 86.208 86.25 86.124 85.90300000000001 379.934 252.949 85.92700000000001 85.992 85.94799999999999 86.55500000000001 86.304 86.006 86.274 86.57899999999999 86.143 85.73099999999999 86.31100000000001 86.027 86.285 86.13800000000001 86.268 86.044 86.286 85.967 86.313 86.008 86.53400000000001 85.80500000000001 86.092 86.19 85.98 86.014 86.062 85.935 85.803 85.943 86.099 86.04000000000001 85.86199999999999 86.282 85.997 86.117 85.89100000000001 85.971 85.974 86.01900000000001 85.84399999999999 86.77500000000001 86.09699999999999 86.29600000000001 86.563 86.092 86.16800000000001 86.03700000000001 86.45999999999999 85.98 86.033 85.88200000000001 86.474 85.91 86.01000000000001 85.998 86.31999999999999 86.084 85.783 85.94199999999999 86.068 86.134 86.661 86.176 86.07899999999999 86.068 86.071 85.854 86.10599999999999 86.06 86.08199999999999 86.116 85.767 86.13 85.958 87.456 85.833 85.937 85.983 85.922 86.16800000000001 85.837 86.107 86.12 86.04300000000001 86.245 86.407 86.383 86.276 85.82899999999999 85.995 86.185 86.977 86.06100000000001 86.01000000000001 85.876 85.81399999999999 86.375 85.80500000000001 89.19 86.146 85.71899999999999 86.13500000000001 85.94499999999999 85.855 86.142 85.953 86.242 87.209 86.59099999999999 86.021 86.084 86.18899999999999 85.93899999999999 85.943 85.866 86.06699999999999 86.29000000000001 85.99299999999999 86.631 86.005 86.07599999999999 85.973 85.998 85.991 85.68899999999999 86.532 86.294 86.16800000000001 86.31699999999999 86.169 86.319 85.98 86.125 85.94199999999999 85.971 86.152 85.877 86.524 626.745 86.01000000000001 86.82599999999999 86.10899999999999 86.081 86.258 87.40900000000001 85.91 86.06399999999999 86.66800000000001 85.776 85.756 85.83499999999999 86.009 85.979 86.294 86.107 86.16 86.10899999999999 86.461 85.824 86.20999999999999 86.328 86.081 85.89 85.85299999999999 85.758 85.788 85.896 86.04000000000001 86.036 86.565 86.595 86.60599999999999 86.151 85.977 86.36499999999999 86.373 85.929 85.982 86.295 86.247 86.051 86.496 86.25700000000001 86.11799999999999 86.139 86.09699999999999 86.039 86.295 86.089 85.82299999999999 86.001 377.831 86.364 85.989 85.985 86.041 86.044 86.143 86.093 86.018 86.164 86.372 85.85899999999999 86.095 86.246 86 85.661 85.88500000000001 86.035 85.996 85.779 85.973 86.15300000000001 85.971 85.786 86.17400000000001 86.307 85.797 85.85599999999999 86.21599999999999 86.28100000000001 86.099 85.923 86.512 86.16500000000001 86.152 85.92100000000001 86.419 86.949 85.992 86.8 86.10899999999999 86.20099999999999 86.021 85.794 85.837 85.74299999999999 85.905 85.879 85.934 85.938 85.908 85.83199999999999 86.524 86.08 86.128 86.613 86.294 86.423 86.036 85.968 86.36499999999999 86.65900000000001 85.854 85.892 86.28100000000001 86.292 86.066 86.038 85.92400000000001 85.827 86.223 86.164 85.807 88.146 85.913 85.944 86.14400000000001 86.005 85.989 86.015 85.946 86.011 85.97199999999999 86.48399999999999 86.17100000000001 86.003 86.01300000000001 85.752 85.84099999999999 86.099 85.81399999999999 85.866 85.828 85.976 85.881 86.04900000000001 86.065 86.029 87.30500000000001 85.858 85.983 86.28100000000001 87.30800000000001 86.005 86.42100000000001 86.249 85.84399999999999 86.224 85.867 85.71899999999999 85.896 86.61199999999999 85.858 85.974 86.123 85.849 85.974 86.247 85.774 86.524 86.723 85.976 86.374 86.083 86.06999999999999 85.855 86.125 85.874 86.114 85.97499999999999 86.05500000000001 86.063 86.28 85.806 86.07299999999999 86.307 86.02 86.10299999999999 86.06999999999999


# name: dtlsapptime35_6ms
# type: matrix
# rows: 1
# columns: 363
 119.805 378.371 119.986 119.886 119.916 119.91 120.005 120.016 119.996 120.064 120.166 120.116 120.321 119.933 376.89 119.875 120.114 120.22 119.8 119.895 120.075 119.941 119.955 119.907 120.255 120.239 119.847 120.021 120.256 119.994 120.038 119.999 120.424 119.988 119.965 119.972 119.797 119.868 119.797 119.67 119.912 119.967 120.007 119.828 119.889 120.121 119.945 120.093 120.032 120.29 120.033 120.025 119.87 380.48 251.969 119.831 119.974 119.826 119.924 119.955 120.041 119.956 120.02 120.223 120.499 119.835 119.837 120.394 119.901 120.133 119.881 119.754 379.107 119.977 120.121 119.812 120.2 119.69 120.221 119.968 120.139 119.937 119.693 377.136 120.436 119.86 119.93 120.155 120.049 120.029 120.356 119.848 120.162 119.795 119.966 381.008 387.143 120.185 378.837 120.18 120.277 120.204 119.859 119.848 120.206 119.848 119.972 119.826 120.044 120.728 120.05 120.633 120.114 120.47 119.969 120.326 119.885 120.524 380.096 119.93 120.133 120.002 120.024 120.172 120.031 120.043 120.182 119.763 119.783 120.135 120.085 119.945 119.955 119.992 120.502 120.512 120.181 119.927 119.802 119.89 120.412 120.04 120.016 119.912 119.996 119.823 120.239 119.797 119.929 119.942 120.09 119.99 120.09 203.079 119.974 120.04 120.036 255.088 119.83 119.814 120.128 119.833 119.828 119.882 119.965 120.137 119.966 120.186 119.892 120.222 119.982 120.778 119.739 120.174 120.087 119.982 120.092 120.419 120.127 119.949 119.768 119.97 120.183 120.008 119.773 506.268 119.921 120.107 119.891 119.963 119.974 119.646 120.115 120.159 119.997 120.084 120.18 119.874 119.89 119.836 119.838 120.153 120.025 119.99 120.09 120.077 119.843 120.2 120.051 120.492 119.945 119.956 119.74 119.899 119.994 119.852 120.467 120.058 119.764 119.963 120.259 120.037 120.234 120.044 379.103 120.316 119.855 119.718 120.102 120.076 380.999 120.56 119.925 119.954 119.715 120.396 119.761 119.902 120.253 120.612 120.29 119.973 119.968 120.24 119.879 120.074 120.028 120.068 120.12 120.101 120.016 120.139 120.188 119.817 119.865 119.893 120.016 119.935 376.889 119.982 120.052 120.205 119.949 120.009 120.389 120.024 120.176 119.785 120.684 119.726 120.675 120.262 120.453 120.007 120.17 119.918 120.177 377.594 119.98 120.118 379.148 120.332 120.347 120.433 120.029 119.974 379.387 120.285 120.202 120.064 119.976 119.882 119.845 120.25 119.887 119.918 120.413 119.949 119.99 119.901 119.941 119.989 120.037 120.048 119.989 119.801 120.041 120.105 252.009 120.032 119.792 119.967 119.79 120.248 119.842 119.95 120.075 120.097 119.952 120.038 119.851 120.207 119.863 119.817 119.841 120.029 119.914 120.173 120.242 120.037 120.554 379.754 119.996 119.84 119.917 120.392 119.884 119.951 380.131 120.105 120.574 119.9 119.91 120.107 120.015 120.074 119.895 119.834 119.987 119.988 119.911 119.938 119.861 119.796 121.53 119.8 119.942 119.967 24.105 119.981 119.896 119.997 120.598


# name: dtlsapptime47_5ms
# type: matrix
# rows: 1
# columns: 393
 131.947 132.151 132.227 132.423 132.01 131.999 131.892 131.787 131.885 131.696 132.183 379.552 132.14 132.574 131.861 131.865 132.049 131.65 131.888 131.583 132.134 132.139 131.992 131.987 380.009 132.026 131.655 378.383 131.74 132.001 379.178 131.933 131.907 131.799 132.086 131.8 378.375 132.009 132.055 131.721 132.208 131.815 131.671 131.934 131.745 131.872 131.723 131.974 131.771 131.813 131.808 132.446 131.989 131.948 131.997 131.908 131.89 131.841 132.018 132.176 132.066 131.923 131.783 131.924 131.935 132.139 131.621 132.357 131.798 131.974 131.917 131.928 133.492 131.747 131.836 131.834 131.978 379.518 132.009 132.233 131.91 131.818 131.885 131.773 132.409 131.884 131.664 131.845 131.893 132.212 131.872 131.974 131.762 131.717 131.889 132.596 131.734 131.974 131.908 131.947 131.965 131.665 131.85 131.953 131.656 131.615 132.196 131.929 132.08 131.804 131.953 131.946 132.035 131.986 132.123 132.137 131.859 131.692 131.836 131.814 131.823 131.968 131.685 131.99 131.891 132.028 131.768 377.54 131.709 379.417 132.113 376.678 131.784 131.995 131.727 132.186 131.763 132.469 132.051 131.988 131.692 132.034 132.144 131.779 132.704 131.799 379.904 132.236 131.699 131.844 131.792 131.572 131.925 255.852 131.728 131.965 132.451 131.763 132.353 131.72 131.671 131.901 132.266 132.014 131.724 131.76 131.963 131.887 131.936 131.749 131.697 132.016 131.616 132.08 131.988 131.885 131.997 131.798 132.375 131.907 131.877 131.88 131.73 131.792 131.757 378.488 131.881 131.851 131.821 132.017 131.879 131.876 131.837 132.508 131.736 132.041 131.943 131.866 131.845 132.022 131.782 131.707 131.709 131.823 379.822 131.814 131.739 131.742 132.185 131.732 131.877 131.578 131.72 131.706 131.983 131.755 131.979 131.863 131.728 131.745 132.113 131.947 131.838 131.704 376.617 132.447 131.83 131.774 378.564 131.67 132.504 132.083 132.519 131.868 132.592 131.944 131.919 131.72 131.819 131.86 131.852 131.692 131.89 131.759 131.902 131.957 131.923 131.973 131.927 131.767 131.745 131.962 131.905 131.98 131.857 131.916 131.894 132.01 376.869 131.8 131.994 131.787 131.736 131.891 131.707 131.639 131.958 131.878 131.912 131.725 131.867 131.915 131.852 131.982 132.149 132.05 131.852 131.613 131.958 131.835 131.872 132.307 379.829 131.846 131.985 131.829 131.744 254.392 131.777 131.889 132.163 131.702 132.418 132.004 377.064 131.715 132.042 131.768 131.749 131.851 131.928 132.047 131.813 131.753 131.973 131.8 377.618 131.957 131.783 132.227 132.054 131.767 131.673 132.025 132.147 131.902 131.932 132.018 131.8 131.72 131.872 131.859 132.087 131.937 131.87 131.83 131.718 131.997 131.773 132.021 131.507 131.685 132.019 131.845 132.04 131.984 131.743 131.883 131.793 131.839 131.913 131.993 131.716 131.817 131.979 131.928 131.911 131.921 131.886 132.083 132.026 132.451 131.882 131.993 131.738 379.464 131.786 131.799 131.852 132.16 131.759 132.016 131.714 132.199 131.718 131.813 131.742 132.106 131.693 132.392 132.487 132.446 131.88 132.141 132.117 131.884 131.989 131.97 132.221 132.523 131.674 131.638 132.334 378.736 131.888 131.884 131.685 131.814 131.747 131.984 131.861 131.972 131.903


# name: dtlsapptime4_8ms
# type: matrix
# rows: 1
# columns: 407
 88.375 88.658 89.08 88.56 88.831 88.322 88.79000000000001 88.57599999999999 88.349 88.226 88.298 88.387 88.44 88.59 88.34399999999999 88.526 88.527 88.58499999999999 88.968 88.244 88.70099999999999 88.252 88.443 88.499 88.622 88.503 88.246 88.577 88.858 88.145 89.38200000000001 88.202 88.417 88.59999999999999 88.31399999999999 88.598 88.607 88.68300000000001 88.43600000000001 88.84099999999999 88.151 88.032 88.738 88.563 88.065 377.264 88.149 88.322 88.14700000000001 88.15900000000001 89.06699999999999 88.235 88.461 88.392 88.417 88.482 88.464 88.967 88.44499999999999 88.616 88.497 88.877 88.589 88.583 88.43899999999999 88.419 88.327 88.52500000000001 88.589 88.375 88.598 88.32599999999999 88.589 88.38 88.42 88.312 378.006 88.46299999999999 88.383 88.23999999999999 88.255 88.56699999999999 88.43600000000001 88.646 88.661 88.631 88.402 88.652 88.447 87.988 88.242 88.628 88.827 88.46899999999999 88.61799999999999 90.002 88.748 88.244 88.175 88.648 88.321 88.33499999999999 88.285 88.37 88.596 88.712 88.377 88.70999999999999 88.55800000000001 88.15600000000001 88.639 88.102 88.181 88.636 88.55 88.19799999999999 88.63500000000001 88.67100000000001 88.931 88.724 88.51000000000001 88.69199999999999 88.66500000000001 88.569 88.806 89.009 88.64700000000001 88.38800000000001 88.45999999999999 88.624 88.88200000000001 88.751 88.53700000000001 88.34099999999999 88.372 88.536 88.46299999999999 88.283 88.274 88.23699999999999 88.58499999999999 88.824 88.53100000000001 88.485 96.143 88.45 88.67400000000001 88.288 88.923 88.48 88.233 88.242 88.456 88.378 88.083 88.48999999999999 88.328 89.032 88.44199999999999 88.608 88.30800000000001 88.086 88.601 88.154 88.373 88.767 88.821 88.517 88.599 88.423 88.91200000000001 88.53100000000001 88.852 88.28 88.295 88.968 88.40600000000001 88.35599999999999 88.464 88.24299999999999 88.449 88.07299999999999 88.56100000000001 88.54300000000001 88.21899999999999 88.673 88.703 88.337 88.19199999999999 88.169 88.57899999999999 88.25700000000001 89.026 88.294 88.688 88.53700000000001 88.66500000000001 88.45999999999999 88.498 88.97799999999999 88.514 88.68600000000001 88.783 88.748 88.274 89.142 88.57299999999999 88.307 88.379 88.69 88.473 89.27800000000001 88.95999999999999 88.46899999999999 88.461 88.15600000000001 88.56 88.532 88.462 88.38 88.373 88.371 88.60899999999999 88.455 88.328 88.568 88.252 88.544 88.31999999999999 88.59099999999999 88.077 88.679 88.285 88.621 88.396 88.545 88.36 88.569 88.616 88.48099999999999 88.29600000000001 88.447 88.3 88.361 88.279 88.35599999999999 88.262 88.70999999999999 88.639 88.349 88.477 88.117 88.34999999999999 88.58799999999999 88.541 88.774 88.684 88.727 88.675 88.45 88.702 88.661 88.837 88.386 88.999 88.69499999999999 88.86499999999999 88.387 88.47199999999999 88.75 88.608 88.78700000000001 88.94799999999999 88.697 88.596 88.33199999999999 88.789 88.26300000000001 88.453 88.5 88.77200000000001 88.98399999999999 88.50700000000001 88.717 88.419 88.679 88.816 88.538 88.429 88.702 88.648 88.84099999999999 88.628 88.952 88.51600000000001 88.92700000000001 88.193 88.419 89.134 88.11 88.58499999999999 88.413 88.331 88.44799999999999 88.361 88.48 88.178 89.056 88.63800000000001 88.38200000000001 88.485 88.303 88.645 88.47 88.581 88.26900000000001 89.01000000000001 88.51600000000001 88.131 88.608 88.724 88.446 88.501 88.727 88.35599999999999 88.655 88.512 88.25 88.81399999999999 88.78700000000001 89.25700000000001 88.264 88.80500000000001 88.631 88.444 88.392 88.712 88.29000000000001 88.559 88.709 88.788 88.46599999999999 88.571 88.373 89.363 88.64100000000001 88.575 88.622 88.29900000000001 88.593 88.373 88.44499999999999 88.589 89.581 88.17700000000001 88.306 88.51900000000001 88.461 88.485 88.58199999999999 88.66500000000001 88.55200000000001 88.404 88.508 88.655 88.43000000000001 502.556 88.581 88.986 88.557 88.765 88.455 88.846 89.339 88.70099999999999 89.479 88.586 88.399 88.741 89.11199999999999 88.762 88.61199999999999 88.54900000000001 88.401 88.68899999999999 88.629 89.366 253.057 88.991 88.685 88.52 88.254 88.499 88.752 88.621 88.419 88.458 88.70099999999999 88.751 88.53 88.279 88.453 88.273 88.25 88.801 88.212 87.995


# name: dtlsapptime66_5ms
# type: matrix
# rows: 1
# columns: 418
 150.837 150.893 151.177 151.019 150.847 150.845 150.965 151.056 150.57 151.026 150.644 150.959 150.941 150.72 151.436 150.965 151.102 150.632 150.888 150.739 150.915 152.536 150.666 150.899 150.696 151.273 151.049 151.181 150.887 151.145 150.776 150.702 150.784 150.966 150.681 151.048 150.841 150.939 151.027 151.025 150.835 150.887 150.701 150.885 151.037 150.691 150.872 150.743 150.965 150.726 150.784 150.814 150.57 150.683 150.691 150.982 150.771 150.774 378.999 150.814 150.744 150.89 150.894 150.743 151.338 150.896 150.908 151.495 151.04 150.911 150.964 150.608 150.735 150.802 150.872 150.928 150.524 150.851 150.743 150.721 151.034 151.054 151.004 150.888 150.925 150.781 151.024 150.728 151.155 150.795 150.597 150.805 151.025 150.725 150.902 150.862 150.844 150.783 150.807 150.863 150.738 151.024 150.67 151.037 151.14 150.942 151.257 150.86 150.654 150.916 150.737 150.74 151.257 150.918 150.83 151.202 150.849 150.786 150.685 150.862 150.679 151.588 150.81 150.801 150.723 150.677 150.717 150.801 150.737 150.791 151.135 151.005 150.858 150.826 150.669 151.167 150.583 150.83 150.728 150.762 150.817 150.856 150.864 151.155 151.007 150.873 150.826 151.077 150.766 150.835 150.855 151.501 150.888 151.308 150.918 150.588 150.827 150.973 150.841 150.784 150.675 150.775 150.724 150.701 150.918 150.789 150.8 151.707 150.741 150.788 150.887 150.87 150.835 150.88 151.033 150.81 150.844 150.854 150.981 150.859 150.841 150.78 151.525 150.472 150.933 150.886 150.84 150.961 150.798 150.832 150.725 151.39 150.729 150.838 150.914 150.733 150.897 150.878 150.702 150.834 150.822 151.039 150.816 150.809 150.839 150.885 150.829 150.804 150.861 150.746 150.934 150.789 150.846 150.83 150.748 151.016 151.04 151.083 151.223 150.788 150.975 150.662 150.97 150.962 150.695 150.867 151.151 151.266 150.753 151.002 150.881 150.748 150.855 150.947 150.902 150.769 150.809 150.871 150.732 150.689 150.735 151.25 151.01 150.861 150.779 150.909 150.802 150.658 151.048 151.164 150.86 150.995 151.212 150.834 150.928 151.394 150.939 151.207 150.698 150.894 150.739 150.584 151.204 150.732 150.96 150.648 150.707 150.512 150.918 150.836 150.613 150.893 151.272 151.165 150.913 150.696 151.404 150.744 150.893 151.581 151.548 151.03 150.956 150.946 151.745 150.913 150.943 150.774 150.749 150.794 150.652 150.721 150.973 150.908 150.876 150.917 150.77 151.569 151.448 150.978 151.163 151.026 150.794 150.747 151.332 150.769 150.997 150.796 150.844 151.003 150.897 150.743 150.794 150.674 150.839 150.939 505.305 503.831 150.751 150.706 150.669 150.949 151.296 150.916 150.965 150.962 151.111 151.026 379.568 150.767 150.784 150.906 150.821 150.955 150.885 150.805 504.792 150.924 150.951 150.842 151.138 150.661 150.897 151.13 150.975 150.903 150.957 150.933 150.738 150.968 150.774 150.694 151.047 150.601 150.972 150.847 150.88 150.877 150.487 150.841 150.764 150.958 150.835 150.811 150.795 150.721 150.664 150.787 150.946 151.309 150.987 150.961 150.951 151.053 150.906 151.073 150.865 150.852 150.888 151.298 151.167 150.829 151.107 150.808 150.846 150.709 151.057 150.714 150.845 150.863 150.894 150.865 150.71 150.853 150.816 150.768 150.869 150.865 150.922 150.677 150.959 150.857 150.814 150.868 150.942 151.452 150.775 150.98 150.944 151.113 151.418 151.097 376.874 151.006 150.873 150.992 150.791 150.953


# name: dtlsapptime81_7ms
# type: matrix
# rows: 1
# columns: 427
 165.284 165.87 166.067 165.788 165.933 166.06 165.186 166.049 165.965 165.937 166 165.948 166.467 165.719 166.106 165.869 166.191 165.91 166.21 165.951 166.039 166.518 165.893 165.962 166.05 166.25 165.991 165.567 166.07 166.007 378.561 166.502 166.045 166.399 165.787 166.642 166.224 166.234 165.893 166.469 165.945 165.955 379.73 165.967 166.157 166.101 166.067 165.826 166.101 165.757 166.062 165.906 165.143 165.954 164.882 166.231 166.03 166.044 166.186 166.118 165.206 166.083 165.072 166.116 166.067 166.139 166.104 165.996 166.075 166.02 165.986 165.895 166.188 166.11 165.946 165.973 166.141 166.147 166.069 166.353 166.095 165.947 166.117 165.987 165.906 165.26 165.909 165.856 166.023 165.898 166.039 165.988 166.087 166.424 165.948 166.114 165.807 166.148 166.054 166.136 166.342 165.885 165.846 165.915 165.739 166.641 165.906 166.603 165.021 166.424 166.044 165.927 166.061 165.94 166.037 166.565 166.033 166.064 165.311 165.858 166.017 166.534 166.065 164.986 165.984 165.118 166.045 165.713 166.48 166.427 166.258 166.055 165.867 166.307 165.955 165.168 166.058 166.029 165.932 166.007 166.603 165.821 165.77 165.99 166.138 165.945 165.853 166.044 166.056 165.916 165.334 166.074 165.82 165.958 166.074 165.978 166.655 166.063 165.423 166.019 165.816 166.012 165.849 166.263 166.449 166.138 165.941 166.126 166.07 166.027 165.958 165.136 165.884 166.06 165.952 165.682 166.205 165.966 166.137 165.916 166.405 165.938 165.68 166.138 165.939 165.975 165.959 165.94 166.109 165.864 166.011 166.002 165.9 166.133 377.624 166.533 166.553 165.972 166.569 166.008 166.035 165.134 165.971 165.978 166.084 166.083 165.058 165.953 165.907 165.998 166.013 166.083 165.565 165.889 166.414 165.963 166.397 165.893 166.337 165.941 166.176 166.067 166.167 165.969 378.728 165.904 165.855 166.081 166.038 165.914 166.065 165.908 166.024 165.969 166.035 166.107 166.011 166.158 165.324 166.151 165.161 166.004 165.342 166.301 165.909 165.989 166.009 165.989 165.85 165.861 165.983 166.049 166.004 166.478 165.933 166.186 165.782 166.117 165.928 165.939 166.111 166.019 166.216 379.713 166.549 165.884 165.117 166.039 166.603 166.014 166.142 166.054 166.272 166.086 165.88 166.145 166.131 165.88 166.152 166.131 166.038 165.967 166.012 166.018 166.277 166.834 166.964 166.98 166.149 166.26 165.999 165.857 165.988 165.873 165.911 165.769 166.084 165.89 166.059 166.504 166.041 166.091 166.055 166.13 165.123 166.22 166.053 165.938 166.141 378.138 166.083 165.91 165.066 166.297 165.15 165.824 165.666 166.483 165.941 166.003 165.791 166.208 166.077 166.307 166.138 166.123 166.456 166.014 165.843 166.436 166.347 165.939 165.943 166.133 165.963 166.415 165.905 165.658 166.043 166.124 165.825 165.944 166.134 165.905 165.952 165.958 166.144 165.151 166.096 165.923 165.987 166.494 166.074 165.89 165.889 166.503 166.612 165.346 165.896 165.82 165.982 165.944 165.988 166.044 166.132 166.421 165.846 166.076 165.978 166.198 166.425 166.224 165.939 165.109 166.169 166.034 166.059 166.205 166.651 165.988 165.844 165.82 166.009 166.101 165.115 166.039 165.899 165.998 165.162 166.23 376.687 166.404 166.07 165.774 165.904 166.099 165.83 166.004 165.968 166.491 166.083 165.874 166.059 166.344 166.289 165.924 165.93 165.822 166.016 165.089 166.003 166.503 165.893 166.616 166.084 165.999 503.45 165.988 165.86 165.827 166.087 165.702 165.848 165.793 166.288 166.065 165.787


# name: dtlsapptime95_9ms
# type: matrix
# rows: 1
# columns: 334
 82.871 82.76300000000001 379.622 180.318 180.293 380.211 180.302 180.392 180.446 180.022 180.412 180.118 180.338 180.268 180.393 181.556 180.312 378.573 180.239 86.06699999999999 180.533 180.403 180.165 503.908 180.386 180.174 227.874 180.183 180.323 115.747 180.136 180.15 379.366 180.969 180.379 180.192 180.269 180.239 180.162 180.391 180.392 180.404 180.186 180.439 180.639 180.589 180.331 179.879 180.463 162.56 180.608 180.192 180.553 180.005 179.744 180.488 180.208 181.036 180.325 180.489 180.23 180.302 180.191 180.058 180.32 378.009 179.941 180.152 180.238 180.519 180.393 180.328 377.759 180.373 180.118 180.15 180.314 180.349 180.427 180.285 180.25 180.806 180.424 180.347 180.287 180.468 180.015 180.265 180.507 180.706 180.231 180.422 180.197 180.103 180.831 180.07 180.226 180.254 180.11 180.185 180.737 180.425 180.093 180.662 180.373 179.925 180.558 180.094 180.229 180.447 179.914 504.245 182.078 180.063 180.269 180.176 180.239 180.093 180.279 180.011 180.093 180.325 180.398 180.519 180.278 180.784 180.278 180.878 179.983 180.254 180.573 180.161 180.394 180.073 180.151 180.092 376.939 180.145 180.214 180.25 180.264 180.331 180.252 180.262 180.253 378.704 179.898 379.714 180.37 180.256 180.102 201.107 180.368 180.598 180.014 180.078 180.401 180.353 180.115 180.369 180.532 180.164 180.35 180.355 180.083 180.26 511.693 180.523 41.714 136.749 246.558 180.536 256.132 180.696 180.252 180.2 180.343 180.207 180.234 180.792 180.17 180.192 180.213 180.682 180.284 180.142 180.052 180.171 179.958 180.147 180.165 180.363 180.378 180.121 180.151 180.377 180.415 180.201 180.556 179.826 180.159 180.13 180.695 180.253 180.374 180.618 180.593 377.177 180.445 180.89 180.515 180.322 180.376 180.846 180.084 180.217 180.315 180.053 180.701 180.526 180.388 180.072 180.414 180.762 181.022 180.263 180.059 180.26 180.471 180.183 180.408 505.534 180.156 180.451 180.247 179.979 180.088 180.043 180.061 180.514 180.303 180.189 180.146 180.43 180.349 180.346 180.217 180.233 180.064 180.182 180.666 180.376 378.627 180.303 180.607 180.724 180.342 180.242 180.138 180.126 180.335 180.402 180.075 180.066 180.303 180.163 180.49 180.269 505.051 180.46 180.661 180.773 180.231 180.438 180.412 180.025 180.388 180.428 180.162 180.434 180.294 180.278 180.394 180.607 180.594 180.222 180.383 505.418 180.609 180.191 179.979 180.182 180.619 180.414 180.141 180.236 180.386 180.322 180.434 180.286 180.07 180.371 378.567 180.361 180.35 180.083 180.181 180.023 180.223 180.119 179.949 180.315 180.406 180.152 180.939 180.217 180.629 179.878 180.342 180.352 180.297 180.649 180.432 180.158 179.977 180.332 180.104 180.364 180.578 180.184 180.038 180.3 180.446 180.422


# name: dtlsapptime9_5ms
# type: matrix
# rows: 1
# columns: 537
 93.114 93.256 93.072 93.23399999999999 93.349 93.59999999999999 92.98999999999999 92.974 93.166 93.325 93.187 93.474 93.426 93.131 93.748 93.42100000000001 93.373 93.211 93.40600000000001 93.114 93.48699999999999 93.099 93.517 93.116 93.839 93.379 93.208 380.499 378.997 93.304 93.123 93.492 93.242 93.589 93.565 93.315 93.21899999999999 93.292 93.205 93.09 93.73 93.166 92.95699999999999 93.581 82.63200000000001 92.982 93.693 93.396 93.098 379.572 93.03400000000001 93.51600000000001 93.114 93.078 93.126 93.298 93.04600000000001 93.158 381.064 93.66800000000001 93.63200000000001 93.256 93.06699999999999 93.229 92.892 93.67400000000001 93.274 93.486 93.47799999999999 92.974 92.864 93.21299999999999 93.16200000000001 93.18300000000001 93.146 92.96299999999999 92.917 93.355 93.65300000000001 93.477 93.595 93.188 93.131 93.126 93.125 92.944 93.17400000000001 93.748 93.42 93.248 93.358 93.83499999999999 93.021 93.184 93.574 93.812 93.04900000000001 93.40900000000001 93.145 92.956 93.295 93.297 92.946 93.185 93.42 93.652 93.04000000000001 93.143 93.137 92.95999999999999 93.489 93.16500000000001 93.426 93.255 93.059 93.14700000000001 93.333 92.94799999999999 93.386 92.97799999999999 93.16 93.206 93.14400000000001 93.18899999999999 93.373 93.16 378.47 93.16500000000001 93.166 93.131 93.012 93.001 93.15900000000001 93.327 93.09399999999999 93.03700000000001 93.113 93.211 93.307 93.22199999999999 93.312 93.161 93.126 93.89700000000001 93.377 93.41500000000001 93.429 93.767 93.197 93.233 92.782 93.404 92.999 93.05800000000001 93.133 93.04300000000001 93.20399999999999 93.30500000000001 92.986 93.31100000000001 254.818 92.96599999999999 93.38500000000001 93.14700000000001 93.262 93.54300000000001 628.396 93.364 93.497 92.99299999999999 93.069 93.354 93.15300000000001 93.333 254.33 376.843 93.27 93.128 93.27200000000001 93.137 93.169 93.221 93.169 93.267 93.13 93.628 93.122 93.11199999999999 93.31699999999999 93.449 93.126 93.267 93.102 93.16200000000001 92.914 93.035 93.724 93.02500000000001 92.81100000000001 93.084 93.375 93.059 93.027 93.104 93.051 93.06 93.44199999999999 93.166 93.077 93.423 93.033 93.238 93.101 93.086 93.193 93.276 93.455 380.049 93.39700000000001 254.393 93.27200000000001 93.28 93.111 93.081 92.98099999999999 93.229 93.389 93.081 92.946 93.063 93.161 93.096 92.953 93.092 93.203 93.15000000000001 92.947 93.033 93.32899999999999 93.014 93.087 93.101 92.878 92.919 93.149 93.07599999999999 93.137 93.52 92.932 93.407 93.03400000000001 93.01300000000001 254.128 92.983 93.318 93.23999999999999 93.122 93.2 93.393 93.182 93.057 93.203 253.42 93.325 93.22799999999999 93.27200000000001 93.413 93.779 93.11499999999999 93.291 93.066 93.08 93.352 93.35299999999999 93.14 93.31699999999999 93.16500000000001 93.312 93.247 93.375 93.17400000000001 93.07899999999999 93.26900000000001 93.342 93.09099999999999 93.42 93.22499999999999 93.839 93.178 93.009 93.36 93.431 93.33499999999999 93.745 93.127 380.116 93.032 93.033 93.684 93.316 93.80800000000001 378.375 93.34099999999999 93.42100000000001 93.101 93.32899999999999 93.435 93.52 93.11199999999999 93.014 93.48699999999999 92.961 93.29900000000001 93.039 93.345 378.366 93.133 93.124 93.55800000000001 93.18899999999999 93.623 93.09999999999999 378.233 93.169 93.13200000000001 93.036 93.137 93.702 93.13800000000001 378.965 93.508 93.664 93.298 255.304 93.16 93.179 93.166 93.51900000000001 93.038 93.051 93.37 93.17400000000001 93.149 93.18000000000001 93.182 93.29300000000001 93.038 93.01000000000001 93.411 93.583 93.062 93.157 93.14700000000001 502.739 92.943 93.209 93.31999999999999 93.66800000000001 92.922 93.20999999999999 93.26000000000001 93.096 93.206 93.11 93.309 379.079 93.705 93.11499999999999 93.238 93.16 93.352 93.46299999999999 93.354 93.10599999999999 92.93600000000001 93.456 93.23 93.148 93.288 93.318 93.121 93.312 93.276 93.508 92.999 93.432 93.694 93.515 92.998 93.664 93.18600000000001 93.33 93.071 93.261 93.211 93.291 253.979 93.252 93.26900000000001 93.134 93.071 93.212 93.116 379.746 93.235 93.08199999999999 93.369 93.339 92.938 93.235 93.34999999999999 93.73999999999999 93.129 93.935 93.256 630.548 93.211 92.91500000000001 93.20399999999999 93.333 93.15300000000001 93.09099999999999 93.508 93.837 379.748 93.054 94.515 93.241 93.123 93.04900000000001 93.324 93.318 92.935 93.158 93.13 93.092 93.05200000000001 93.175 93.34999999999999 93.261 93.636 380.221 93.917 93.045 93.514 93.227 93.184 93.203 93.09399999999999 93.15000000000001 93.22199999999999 253.861 93.18899999999999 93.23399999999999 93.185 93.126 93.01000000000001 93.16200000000001 92.92400000000001 93.396 93.45099999999999 93.244 93.139 93.184 93.322 93.15600000000001 92.999 93.27200000000001 93.20399999999999 93.215 93.292 93.123 93.214 93.104 94.027 93.126 93.137 93.23699999999999 93.821 93.024 93.25700000000001 93.07599999999999 93.599 93.092 93.333 93.145 93.03700000000001 93.11799999999999 92.95 93.19499999999999 93.20099999999999 93.158 93.247 93.149 93.23099999999999 93.20399999999999 93.229 93.197 93.117 93.17700000000001 92.973 92.95099999999999 93.006 93.14400000000001 93.229 93.10899999999999 93.071 92.971 93.255 93.56999999999999 93.265 92.955 92.968 93.05500000000001 93.235 92.84699999999999 93.175 93.399 93.693 93.248 92.791 93.271 93.267 92.907 93.137 93.23099999999999 93.06399999999999 93.246 93.387 93.164 93.23999999999999 93.19 93.15600000000001 93.334 93.405 93.09399999999999 93.437


# name: tA
# type: scalar
95.947265625


# name: tP
# type: scalar
86.08199999999999


# name: tR
# type: scalar
83.34300000000002


# name: tmp
# type: matrix
# rows: 8
# columns: 4
 83.83799999999999 84.468 0.06103515625 -0.6910351562500097
 83.843 84.468 0.1220703125 -0.7470703125
 83.82899999999999 84.468 0.213623046875 -0.85262304687501
 84.40900000000001 85.006 0.396728515625 -0.9937285156249942
 84.392 85.006 0.6103515625 -1.224351562500004
 84.491 85.006 0.79345703125 -1.308457031250001
 84.404 85.006 1.007080078125 -1.609080078125004
 84.4205 85.006 1.220703125 -1.806203124999996


# name: tr
# type: scalar
180.37


