# Created by Octave 3.8.2, Sat Apr 02 23:06:33 2016 BST <yy12135@salties>
# name: ans
# type: scalar
108.185


# name: dtlstime_12_1
# type: matrix
# rows: 1
# columns: 412
 79.31399999999999 86.15000000000001 86.178 86.369 86.444 86.211 86.15900000000001 86.425 86.184 86.172 86.297 86.327 86.521 86.191 86.968 86.151 86.357 86.541 86.426 86.297 86.324 86.218 86.792 86.215 86.307 86.85299999999999 254.289 86.21899999999999 86.87 86.155 86.282 86.577 86.825 86.68899999999999 86.705 86.86199999999999 86.306 86.355 86.621 86.494 252.167 86.28700000000001 86.554 86.08799999999999 86.203 86.261 86.414 86.235 86.34099999999999 86.68600000000001 86.765 86.477 86.639 86.001 86.358 86.244 86.29300000000001 86.42400000000001 86.136 86.379 86.426 86.494 86.292 86.566 86.569 86.54900000000001 86.051 86.18899999999999 86.264 86.807 86.70999999999999 86.084 86.35299999999999 86.929 86.123 86.23699999999999 86.286 86.867 86.261 86.286 86.7 86.393 86.245 87.083 86.22799999999999 86.256 86.58 86.223 86.71899999999999 86.22 85.93600000000001 86.178 86.121 86.462 86.324 86.164 86.21899999999999 86.28400000000001 86.286 86.63200000000001 86.64400000000001 86.139 86.2 86.498 86.39 86.42 86.196 86.648 86.426 86.833 86.78700000000001 86.495 86.099 86.239 86.483 86.21299999999999 86.461 86.354 86.28100000000001 86.349 86.188 86.648 86.58499999999999 86.31399999999999 86.157 86.19499999999999 86.571 86.285 86.26300000000001 86.55500000000001 86.35899999999999 86.23399999999999 86.65300000000001 86.056 86.041 86.221 86.428 86.926 86.18300000000001 86.506 86.402 86.277 86.292 86.777 86.239 86.35599999999999 86.349 86.548 86.52200000000001 86.154 86.14 86.485 86.34 86.15300000000001 86.87 86.622 86.40900000000001 86.122 86.33199999999999 86.366 86.2 86.239 86.34099999999999 86.29300000000001 86.31399999999999 86.73 86.346 86.259 86.179 86.185 86.15000000000001 86.571 86.206 86.364 86.651 86.11199999999999 86.316 86.855 86.343 86.5 86.553 86.282 86.509 86.40600000000001 86.407 86.303 86.339 86.376 86.255 86.43600000000001 86.283 86.252 86.84 86.387 86.307 86.376 86.298 86.172 377.477 86.438 86.267 86.19799999999999 86.285 86.223 86.42400000000001 86.94 87.098 86.422 86.413 86.32899999999999 86.661 86.432 86.384 86.15300000000001 86.212 86.504 86.34099999999999 86.84699999999999 86.361 86.642 86.42 86.44 86.23099999999999 86.411 86.238 86.542 86.29600000000001 86.414 86.521 86.166 86.693 86.41800000000001 86.44199999999999 86.17400000000001 86.79900000000001 86.286 86.27500000000001 86.33799999999999 86.17100000000001 86.319 86.251 86.18300000000001 86.69 86.205 86.33799999999999 86.20399999999999 86.26600000000001 86.375 86.429 86.312 86.246 86.679 86.282 86.072 504.937 86.32899999999999 86.456 86.571 86.584 86.444 86.592 86.806 86.499 86.89100000000001 86.298 86.476 86.404 86.274 86.36499999999999 86.586 86.57599999999999 86.422 86.298 86.34699999999999 86.2 86.505 86.60599999999999 86.271 86.10299999999999 86.46299999999999 86.255 86.514 86.785 86.325 86.297 86.411 86.401 86.599 86.396 86.169 86.759 86.965 86.31699999999999 86.66800000000001 86.352 86.31699999999999 86.496 86.422 86.989 86.852 86.67400000000001 86.40600000000001 86.294 86.17400000000001 86.191 86.871 378.698 86.32599999999999 86.726 86.03700000000001 86.477 86.63 86.83 86.432 86.434 86.89 86.751 86.55500000000001 86.31999999999999 86.19799999999999 86.16800000000001 86.006 86.48 86.32299999999999 86.30500000000001 86.086 86.617 86.571 86.33 86.32299999999999 86.23399999999999 86.479 86.075 86.238 86.797 86.273 86.123 86.47799999999999 86.822 86.854 86.068 86.3 86.199 86.413 86.443 86.27500000000001 86.426 86.31999999999999 87.456 86.417 86.343 86.10899999999999 86.236 86.203 86.476 86.773 86.36499999999999 86.232 86.20699999999999 87.175 86.33199999999999 86.52500000000001 86.217 86.251 86.90900000000001 86.58499999999999 86.80500000000001 86.298 86.17400000000001 86.479 86.303 86.461 86.286 86.377 86.172 86.598 86.142 86.223 86.69499999999999 86.88 86.498 86.76600000000001 86.194 86.38200000000001 86.378 86.3 86.236 86.236 86.339 86.29000000000001 86.05800000000001 86.38 86.208 86.343 86.492 86.20999999999999 86.066 86.154 86.31399999999999 86.566 86.22499999999999 86.16800000000001 86.056 86.48399999999999 86.333 86.19 86.206 86.254 86.499 86.154 86.205 86.23399999999999


# name: dtlstime_1_1
# type: matrix
# rows: 1
# columns: 388
 79.556 79.785 79.976 79.574 79.518 80.029 79.949 80.008 79.64 79.483 79.664 80.06699999999999 79.759 79.81699999999999 79.78400000000001 79.69 79.64700000000001 79.684 79.79600000000001 80.08199999999999 79.601 79.899 79.988 79.785 79.735 79.47 79.84699999999999 79.643 79.764 79.792 79.715 79.896 79.748 79.598 79.36199999999999 79.839 80.324 79.914 80.393 79.761 79.764 80.072 80.25700000000001 79.706 79.637 79.965 79.607 79.68000000000001 79.688 79.491 80.02 79.992 79.798 79.89 79.736 79.803 79.56999999999999 79.575 79.565 79.57899999999999 79.908 79.822 79.68899999999999 79.65000000000001 79.5 79.556 79.782 79.57299999999999 79.56699999999999 79.997 79.572 79.843 79.504 79.768 79.54900000000001 79.73699999999999 79.67100000000001 79.82299999999999 79.491 79.741 79.47 79.325 80.312 79.53700000000001 79.498 79.715 79.34399999999999 79.681 80.14700000000001 79.846 79.55500000000001 79.709 79.351 79.842 79.38800000000001 79.711 79.94799999999999 79.396 79.858 79.432 79.855 80.316 79.56999999999999 79.59999999999999 79.592 79.625 79.503 80.101 79.72 79.827 79.58499999999999 79.34999999999999 79.902 79.63800000000001 80.27800000000001 79.961 79.521 79.887 79.565 79.8 79.996 79.86499999999999 79.629 79.509 79.553 79.81999999999999 79.58 79.824 79.319 79.944 79.726 80.107 79.628 79.965 79.554 79.73999999999999 79.72 79.48999999999999 79.495 79.515 79.66500000000001 79.55200000000001 79.664 79.732 80.199 79.746 79.574 79.56399999999999 79.584 79.7 79.85899999999999 79.63800000000001 80.279 79.81999999999999 79.669 79.931 79.715 80.32599999999999 80.184 80.393 79.73399999999999 79.80200000000001 79.684 79.604 79.399 79.764 79.57299999999999 79.47799999999999 80.319 79.491 79.68600000000001 80.051 79.78400000000001 79.917 79.717 79.72799999999999 79.861 79.93300000000001 79.62 79.509 79.83799999999999 79.571 79.864 79.751 80.13200000000001 79.601 79.527 79.767 79.73699999999999 79.55200000000001 79.58799999999999 79.684 79.724 79.682 79.761 79.429 79.539 79.56100000000001 79.551 80.096 79.797 79.941 79.538 79.56100000000001 79.416 79.55 80.127 79.907 79.901 80.366 79.72199999999999 253.806 79.58 79.57299999999999 79.56999999999999 79.56399999999999 79.539 79.568 79.71299999999999 79.768 79.59 79.72 78.992 79.51300000000001 79.83799999999999 79.556 79.693 79.87 79.571 79.53700000000001 79.541 79.628 79.63 79.69799999999999 79.727 79.807 79.577 79.67100000000001 79.703 79.57899999999999 79.767 79.54000000000001 79.765 79.723 79.35899999999999 79.67 79.617 79.622 79.669 79.47799999999999 79.779 79.681 378.259 80.01600000000001 79.881 79.895 79.756 79.783 79.64400000000001 79.625 79.629 79.59 80.128 79.996 79.873 80.164 71.652 79.611 79.703 79.53700000000001 79.41500000000001 79.83 79.66800000000001 79.679 79.70099999999999 79.77 79.51900000000001 79.77800000000001 79.43899999999999 79.634 79.254 79.664 79.874 79.822 79.30800000000001 79.77200000000001 79.45 79.629 80.23399999999999 79.749 79.98399999999999 79.69499999999999 79.629 79.82599999999999 79.812 79.881 79.663 79.69799999999999 79.676 79.529 79.786 79.67 79.76300000000001 79.68300000000001 79.789 79.82299999999999 79.658 79.84999999999999 79.864 80.095 79.65000000000001 79.666 79.706 79.821 79.43000000000001 79.57599999999999 79.60299999999999 79.47799999999999 79.756 79.721 79.849 79.64 79.908 80.223 79.377 79.797 79.592 79.833 79.654 79.65900000000001 80.012 79.801 79.84399999999999 79.342 79.726 79.399 79.812 79.551 79.733 79.51000000000001 79.746 79.756 79.34099999999999 79.727 79.474 79.432 79.726 79.863 79.52 79.599 79.715 79.65900000000001 79.974 79.86799999999999 79.51600000000001 79.50700000000001 79.622 79.634 79.21299999999999 379.998 80.024 79.827 79.937 79.90000000000001 80.149 79.66500000000001 80.122 79.676 79.958 79.96599999999999 79.85899999999999 79.86799999999999 79.916 79.68600000000001 79.931 79.904 79.843 79.91500000000001 80.178 79.51600000000001 79.97199999999999 80.051 79.66500000000001 79.414 79.379 79.628 79.774 80.117


# name: dtlstime_1_12
# type: matrix
# rows: 1
# columns: 406
 85.342 84.81399999999999 85.18000000000001 85.833 85.12 85.209 85.328 84.97 85.304 84.98 85.172 85.131 85.212 85.166 85.249 85.208 85.06699999999999 85.001 85.277 85.139 85.074 85.19799999999999 85.19499999999999 85.14 85.029 84.982 85.05200000000001 85.366 85.19799999999999 84.98 85.21599999999999 85.191 84.90000000000001 85.047 85.248 85.23 85.114 84.849 85.107 85.096 85.346 85.262 85.059 85.194 85.07899999999999 85.17100000000001 84.999 85.304 85.09999999999999 85.325 85.087 85.048 85.13 85.629 85.35599999999999 84.86499999999999 85.459 85.248 85.182 85.06100000000001 85.133 85.08499999999999 85.455 84.97 85.551 85.011 85.056 84.96299999999999 85.274 84.93300000000001 85.249 85.154 85.05 85.502 85.13 84.892 85.194 85.07299999999999 85.17700000000001 85.18000000000001 85.137 85.03700000000001 85.38200000000001 85.06999999999999 85.12 85.102 85.273 85.184 85.14100000000001 85.092 85.746 85.39 85.372 85.34 85.623 85.259 85.233 85.92700000000001 85.15000000000001 85.351 85.447 85.163 85.553 85.08499999999999 85.26900000000001 85.413 85.009 85.45699999999999 85.672 85.197 85.54600000000001 85.366 85.283 85.367 85.131 85.13200000000001 85.503 85.322 85.021 85.196 85.223 85.08499999999999 85.55500000000001 377.506 85.077 84.89100000000001 85.178 85.193 85.114 85.196 85.06100000000001 84.93899999999999 85.024 85.30500000000001 85.181 85.529 85.139 85.26900000000001 85.14 85.474 85.18600000000001 85.306 85.155 85.413 84.967 85.14 86.425 252.326 84.77200000000001 85.08199999999999 84.985 85.29000000000001 85.001 85.13 84.94199999999999 84.949 85.039 85.068 84.818 85.277 85.325 85.21899999999999 85.30800000000001 85.23 85.072 85.364 85.541 85.253 85.44499999999999 85.166 85.277 85.08 85.113 85.52 85.077 85.295 85.11199999999999 85.087 85.02200000000001 85.253 85.20399999999999 85.111 84.971 85.006 84.85899999999999 85.16 85.17700000000001 85.274 85.021 84.977 85.224 84.943 85.349 85.392 84.959 85.36199999999999 85.161 85.21299999999999 85.261 85.244 85.465 85.066 85.09 84.98099999999999 84.947 85.134 85.255 85.142 85.22799999999999 85.122 85.408 85.11799999999999 85.005 85.14 85.119 85.35299999999999 86.164 85.438 85.42700000000001 85.071 85.197 85.342 85.29900000000001 85.125 85.05 85.09999999999999 85.20699999999999 85.21899999999999 85.446 85.11499999999999 85.009 85.084 85.45099999999999 85.17100000000001 84.97199999999999 85.164 85.08799999999999 85.101 85.46899999999999 85.005 85.304 85.03 85.05200000000001 85.227 85.041 85.01900000000001 85.062 85.14 84.947 84.852 85.09099999999999 85.03700000000001 85.233 84.94 84.776 85.18300000000001 84.89400000000001 85.52500000000001 84.833 85.098 85.726 85.193 85.011 85.233 85.066 85.28100000000001 84.97 85.215 85.099 85.038 85.23099999999999 85.161 85.104 85.312 85.619 85.154 85.077 85.845 85.027 85.21899999999999 85.539 85.04300000000001 85.10599999999999 85.316 85.205 85.33499999999999 85.10599999999999 85.55200000000001 84.934 85.29300000000001 85.09699999999999 85.29600000000001 85.206 85.099 85.349 84.98 85.113 85.004 85.093 85.06699999999999 85.093 84.872 85.17100000000001 85.125 85.41800000000001 85.297 85.001 85.05 85.039 85.43300000000001 85.06999999999999 85.099 85.161 85.131 84.995 85.28400000000001 85.117 85.136 85.17100000000001 85.21899999999999 84.956 85.05500000000001 85.265 85.235 85.18000000000001 85.624 85.38500000000001 85.267 85.27500000000001 85.309 85.06399999999999 85.387 85.253 85.23399999999999 84.95999999999999 85.053 85.27 85.16800000000001 85.003 85.19 85.004 85.242 85.248 84.934 85.366 85.20099999999999 85.31399999999999 85.562 84.959 85.155 85.11499999999999 85.437 85.20699999999999 85.13 85.34399999999999 85.099 85.008 85.006 85.31100000000001 85.23399999999999 85.208 85.217 85.092 85.023 85.31 85.02200000000001 85.221 85.318 85.17100000000001 85.105 85.39100000000001 85.542 85.316 84.95699999999999 85.181 85.30500000000001 85.02200000000001 85.30800000000001 85.367 85.468 85.18000000000001 85.083 85.624 85.152 85.40300000000001 85.184 85.285 85.09 85.44499999999999 85.285 85.188 84.97199999999999 85.042 85.03700000000001 85.20399999999999 85.16800000000001 85.252 85.084 85.035 85.16200000000001 84.98999999999999 85.059 85.104 85.31 85.08799999999999 85.327


# name: dtlstime_1_23
# type: matrix
# rows: 1
# columns: 473
 91.279 91.262 91.316 91.396 91.456 91.21599999999999 91.419 91.363 91.45 91.444 91.31100000000001 91.498 91.11799999999999 91.629 91.42100000000001 91.133 91.33199999999999 91.376 91.14400000000001 91.532 91.268 91.675 91.83499999999999 91.601 91.386 91.56999999999999 91.83199999999999 91.75 91.48399999999999 91.44499999999999 91.625 91.268 91.402 91.419 91.364 91.35599999999999 91.29000000000001 91.45999999999999 91.48 91.497 91.667 91.785 91.434 91.53700000000001 91.619 91.535 91.55200000000001 91.26000000000001 91.437 91.247 91.47199999999999 91.624 91.17400000000001 91.26600000000001 91.33499999999999 91.369 91.473 91.123 91.51300000000001 92.93899999999999 91.401 91.605 91.33499999999999 91.47499999999999 91.428 91.48999999999999 91.473 91.30500000000001 91.182 91.46899999999999 91.61 91.35599999999999 91.295 91.48 91.227 91.38200000000001 91.532 91.422 91.377 92.006 91.402 91.224 91.568 91.361 91.539 91.565 91.867 91.45099999999999 91.41500000000001 91.54300000000001 91.33 91.497 91.38200000000001 91.68000000000001 91.22199999999999 91.319 91.38200000000001 91.328 91.319 91.55200000000001 91.61 91.506 91.301 91.43899999999999 91.825 91.297 91.428 91.577 91.577 91.98399999999999 91.84999999999999 91.38200000000001 91.398 91.358 91.485 91.242 91.218 91.21299999999999 91.371 91.526 91.58799999999999 91.395 91.33199999999999 91.313 91.25 91.322 91.458 91.378 91.97 91.708 91.526 91.43899999999999 91.408 91.77800000000001 91.45399999999999 91.553 91.306 91.34699999999999 91.434 92.027 91.209 91.28400000000001 91.363 91.182 91.209 91.27200000000001 91.218 91.532 91.55800000000001 91.518 91.119 91.21299999999999 91.446 91.482 91.288 91.40000000000001 91.15300000000001 91.48699999999999 91.334 91.599 91.27500000000001 91.361 91.508 91.376 91.646 91.69499999999999 91.52 91.66 91.429 91.431 91.529 91.434 91.886 91.42700000000001 91.208 91.343 91.559 91.197 91.185 91.227 91.208 91.41200000000001 91.372 91.395 91.36799999999999 91.628 91.55500000000001 91.3 91.355 91.212 91.431 91.42100000000001 91.268 91.43000000000001 91.19 91.31399999999999 91.452 91.316 91.459 91.208 91.44199999999999 91.60299999999999 91.63200000000001 91.33199999999999 91.30500000000001 91.355 91.327 91.49299999999999 92.069 91.23399999999999 91.13500000000001 91.393 91.384 91.447 91.52500000000001 91.413 91.53400000000001 91.432 91.551 91.68000000000001 91.511 91.371 91.589 91.914 91.423 91.396 91.34699999999999 91.55 91.34099999999999 91.34099999999999 91.56 91.31399999999999 91.417 91.599 91.68000000000001 91.349 91.459 91.738 91.328 91.48399999999999 91.364 91.55 91.331 91.396 91.48699999999999 91.264 91.2 91.16800000000001 91.58 91.476 91.467 91.917 91.402 91.19799999999999 91.48 92.068 91.496 91.465 91.22499999999999 91.934 91.485 91.321 91.217 91.819 91.16 91.679 91.53700000000001 91.79900000000001 91.444 91.572 91.45999999999999 91.928 91.30500000000001 91.264 91.355 91.554 91.252 91.43000000000001 91.68600000000001 91.383 91.33199999999999 91.544 91.339 91.587 91.342 91.196 91.465 91.414 91.971 91.51900000000001 92.039 91.32899999999999 91.306 91.274 91.54300000000001 91.374 91.29900000000001 91.818 91.31100000000001 91.53 91.371 91.88800000000001 92.23 91.76600000000001 91.619 91.752 91.375 91.25700000000001 91.62 91.304 91.813 91.67700000000001 91.562 91.23999999999999 91.331 91.40000000000001 91.364 91.47799999999999 91.491 91.30500000000001 91.727 91.65300000000001 91.063 91.486 91.425 91.324 91.527 91.346 91.53100000000001 91.48 91.259 91.21899999999999 91.46899999999999 91.337 91.363 91.42 91.51900000000001 91.578 91.599 91.533 91.47799999999999 91.467 91.866 91.36799999999999 91.292 91.325 91.452 91.619 91.379 91.94 91.492 91.34 91.271 91.346 91.29000000000001 91.387 91.011 91.167 91.532 91.712 91.60299999999999 91.489 92.152 91.48699999999999 91.301 91.21299999999999 91.25700000000001 91.166 91.47199999999999 91.801 91.419 91.333 91.446 91.676 91.423 91.532 91.124 91.419 91.494 91.919 91.318 91.357 91.477 91.42100000000001 91.79900000000001 91.70099999999999 91.532 91.486 91.559 91.84999999999999 91.34099999999999 91.389 91.312 91.456 91.45699999999999 91.581 91.572 91.569 91.364 380.264 91.52800000000001 91.301 91.273 91.41800000000001 91.312 91.35299999999999 91.443 91.666 91.76300000000001 91.59099999999999 91.538 91.119 91.24299999999999 91.54600000000001 91.65600000000001 91.48 91.211 91.652 91.379 91.46599999999999 91.51300000000001 91.514 91.53400000000001 91.16800000000001 91.304 91.306 91.93000000000001 91.45699999999999 91.568 91.511 91.599 91.461 91.31100000000001 91.714 91.06999999999999 91.43899999999999 91.366 91.498 92.131 91.35599999999999 91.613 91.372 91.13800000000001 91.384 91.277 91.206 91.377 91.502 91.53 91.351 91.511 91.84 91.976 91.39100000000001 91.38800000000001 380.005 91.22 91.877 91.27 91.26900000000001 91.327 91.28400000000001 91.35299999999999 91.47499999999999 91.36199999999999 91.51900000000001 91.379 91.166 91.32599999999999 91.435 91.149 91.67 91.242


# name: dtlstime_1_35
# type: matrix
# rows: 1
# columns: 397
 98.17100000000001 98.501 98.208 98.372 98.41 98.553 98.181 97.95 98.235 98.084 98.124 98.37 98.595 98.16500000000001 98.09 98.429 98.398 98.35599999999999 98.07899999999999 98.44199999999999 98.375 98.566 98.175 98.376 98.197 98.167 98.252 98.366 98.33799999999999 98.417 98.20699999999999 98.181 98.50700000000001 98.054 98.255 98.371 98.29300000000001 98.21899999999999 98.46599999999999 98.035 98.07299999999999 98.518 98.19499999999999 98.175 98.06999999999999 98.613 98.151 98.145 98.614 98.328 98.401 98.474 98.289 98.18899999999999 98.157 98.185 98.16800000000001 98.182 98.52800000000001 98.145 98.252 98.414 98.715 98.23399999999999 98.297 98.212 98.315 98.85599999999999 98.384 98.233 97.958 98.224 98.04900000000001 98.434 98.31100000000001 98.246 98.188 98.358 98.17100000000001 98.417 98.342 98.494 98.274 98.203 98.203 98.41200000000001 98.65300000000001 98.16200000000001 98.223 98.43899999999999 98.753 98.342 98.40900000000001 98.13200000000001 98.256 98.157 98.86199999999999 98.30500000000001 98.06100000000001 98.215 98.29600000000001 98.374 98.32899999999999 98.446 98.881 98.09399999999999 98.398 98.56699999999999 97.943 98.294 98.05500000000001 98.07299999999999 98.346 98.354 98.351 98.105 98.172 98.18600000000001 98.11799999999999 98.30200000000001 98.176 98.18000000000001 98.40000000000001 98.625 98.404 98.214 98.102 98.864 98.325 98.52800000000001 98.092 98.36199999999999 98.215 98.405 98.285 98.19 98.324 98.245 98.28100000000001 98.556 98.289 98.09 98.248 98.20399999999999 98.309 98.158 98.90000000000001 98.002 98.38200000000001 98.166 98.58799999999999 98.371 98.34099999999999 98.38800000000001 98.244 98.133 98.669 98.389 98.378 98.223 98.289 98.114 98.20999999999999 98.167 98.205 98.404 98.358 98.31999999999999 98.13200000000001 98.15000000000001 98.10899999999999 98.54300000000001 97.992 98.33499999999999 98.59399999999999 98.288 98.167 98.20699999999999 98.304 98.247 98.399 98.46599999999999 98.05800000000001 98.128 98.423 98.218 98.361 98.182 98.184 98.47499999999999 98.622 98.297 98.211 98.26300000000001 98.28700000000001 98.91200000000001 98.33499999999999 98.191 98.133 98.31100000000001 98.253 98.31699999999999 98.51600000000001 98.315 97.99299999999999 98.55200000000001 97.997 98.374 98.384 98.666 98.44499999999999 98.496 98.345 98.77 98.322 98.226 98.23099999999999 98.70099999999999 98.274 98.02500000000001 98.15900000000001 98.256 98.35899999999999 98.48999999999999 98.483 98.34099999999999 98.265 98.126 98.154 98.26600000000001 98.241 98.042 98.20099999999999 98.717 98.20099999999999 98.13500000000001 98.32599999999999 98.57299999999999 98.482 98.10899999999999 98.303 98.218 98.17 97.96899999999999 98.16 98.705 98.188 98.238 97.98 98.291 98.184 98.01000000000001 98.182 98.14100000000001 98.36799999999999 98.28100000000001 98.381 98.373 98.127 98.372 98.145 98.501 98.196 98.34099999999999 98.08199999999999 98.51000000000001 97.991 98.413 97.998 98.45699999999999 98.048 98.295 98.414 98.226 98.48 98.36499999999999 98.18300000000001 98.16500000000001 98.342 98.05800000000001 98.32599999999999 98.423 98.264 97.986 98.354 98.104 98.44799999999999 98.126 98.43300000000001 97.964 98.254 97.964 98.27200000000001 98.48399999999999 98.492 98.267 98.211 98.488 98.675 98.491 98.456 98.401 98.369 98.294 98.23 98.255 98.44799999999999 98.54900000000001 98.22199999999999 98.31 98.137 98.10599999999999 98.52 98.343 98.224 98.791 98.212 98.413 98.732 98.322 98.027 98.313 98.35599999999999 98.254 98.155 98.268 98.524 98.825 98.447 98.598 98.072 98.694 98.324 98.111 98.29900000000001 98.435 98.703 98.20699999999999 98.21899999999999 98.81699999999999 98.34399999999999 98.33499999999999 98.604 98.389 98.37 98.526 98.18600000000001 98.226 98.02200000000001 98.602 98.749 98.639 98.301 98.24299999999999 98.18899999999999 98.08199999999999 97.95399999999999 98.221 98.45099999999999 98.18300000000001 98.35299999999999 98.60599999999999 98.08799999999999 98.486 98.26300000000001 98.202 97.93000000000001 98.178 98.298 98.07899999999999 98.455 98.199 98.17700000000001 98.33799999999999 98.684 98.14700000000001 98.188 98.062 98.167 98.242 98.425 98.26600000000001 98.23 98.06399999999999 98.239 98.15600000000001 98.292 98.497 98.254 98.485 98.392 98.419 98.36 98.554 98.44199999999999 98.34099999999999 98.624


# name: dtlstime_1_47
# type: matrix
# rows: 1
# columns: 484
 104.12 104.224 104.141 103.993 103.967 104.388 104.125 104.095 104.109 104.096 104.187 103.979 104.088 104.187 104.09 104.154 104.099 104.071 104.021 104.025 103.936 104.151 104.115 104.368 104.806 104.243 104.473 103.853 104.718 103.977 104.162 104.664 103.971 104.343 104.154 104.262 104.036 104.057 104 104.067 104.146 104.126 104.182 104.192 104.022 104.079 104.594 104.397 104.029 104.195 104.06 104.396 103.864 104.128 104.152 104.189 104.135 103.827 104.187 104.249 104.137 103.889 104.747 104.057 104.198 104.142 104.119 103.828 104.1 103.876 104.299 104.151 104.312 104.794 103.907 104.097 103.862 104.098 104.48 104.337 103.929 104.073 104.015 104.012 103.997 104.048 104.023 507.806 104.378 104.029 104.435 104.089 104.096 104.017 104.034 103.877 104.177 104.019 104.218 103.987 104.144 104.922 103.981 103.931 104.842 104.21 254.93 103.888 104.315 104.173 104.007 104.454 104.179 104.206 104.177 103.945 104.117 104.239 104.354 104.248 103.859 104.255 104.276 104.277 104.151 104.202 104.202 104.026 103.962 104.149 104.338 104.251 104.053 104.257 104.341 104.191 103.857 103.989 104.156 103.999 103.842 104.204 103.882 104.162 104.164 103.981 104.289 104.244 104.064 103.973 104.161 103.961 104.205 103.943 104.115 104.503 104.179 103.945 104.339 104.213 104.151 103.897 103.936 104.151 104.181 104.053 381.615 103.882 104.162 103.823 104.286 103.925 104.26 104.17 104.18 103.953 104.334 103.982 104.207 103.928 104.173 103.852 104.34 104.086 104.128 104.145 103.958 104.011 104.13 104.287 104.235 103.975 104.117 104.032 104.249 104.133 104.213 104.022 104.373 104.214 104.582 104.126 104.089 104.132 103.873 104.25 103.923 103.921 104.302 104.071 104.299 103.984 104.234 104.033 104.219 104.191 103.961 104.147 104.029 104.028 104.239 104.233 104.095 104.02 104.467 104.037 104.114 104.215 104.446 104.1 104.006 104.184 104.14 104.259 104.136 104.255 104.172 104.495 104.126 104.148 104.16 104.549 103.95 104.006 104.181 104.477 104.597 103.93 104.187 104.197 104.17 104.118 104.036 104.166 104.098 103.998 104.206 103.734 104.184 104.182 103.894 104.753 104.217 104.191 104.099 104.196 103.986 104.075 104.348 104.148 103.832 104.315 104.241 104.708 104.079 104.173 103.919 104.179 103.818 104.771 104.503 104.194 103.977 104.189 104.437 103.96 104.51 103.82 104.161 104.234 103.993 104.578 104.157 104.668 104.138 104.568 104.771 104.292 104.134 104.28 104.102 104.341 104.245 103.96 104.059 103.987 104.378 104.214 104.108 104.17 104 104.778 103.823 104.507 104.403 103.822 104.051 104.105 104.206 104.162 258.241 104.104 104.494 104.418 104.133 104.152 104.519 104 104.069 507.633 104.251 104.319 104.254 103.97 104.319 103.997 104.227 103.924 104.184 103.865 254.775 104.226 103.836 104.401 104.141 104.047 103.962 103.931 104.129 103.926 103.738 104.138 104.454 104.179 104.024 104.317 380.167 104.22 104.281 104.357 103.774 104.039 104.042 104.227 104.175 104.456 103.983 104.12 104.152 104.41 103.989 104.415 104.167 104.179 104.154 104.024 104.008 104.668 104.562 104.203 257.763 104.711 104.026 104.312 104.167 104.436 104.543 103.949 104.599 104.121 104.218 103.945 104.259 104.182 104.149 104.348 104.195 104.162 104.245 380.882 104.382 104.358 104.027 104.279 103.868 104.6 103.983 104.067 103.883 104.229 103.708 104.371 103.929 104.247 104.194 103.863 104.161 104.464 104.002 103.97 104.164 104.178 104.424 104.388 104.017 104.679 104.359 104.326 104.228 104.422 104.096 104.423 103.923 104.151 631.874 104.495 104.243 104.012 104.256 104.23 104.168 103.781 104.1 104.021 104.346 104.397 104.522 104.388 103.79 103.966 103.965 104.279 103.978 104.263 104.256 104.529 104.033 103.885 104.095 103.803 104.184 104.23 104.62 104.154 104.241 104.008 104.017 103.93 104.368 104.549 104.122 104.322 103.822 104.237 103.901 104.135 104.113 104.66 103.807 104.218 104.03 104.653 103.839 104.125


# name: dtlstime_23_1
# type: matrix
# rows: 1
# columns: 426
 80.128 93.68600000000001 93.70399999999999 93.864 93.916 93.858 93.67700000000001 93.633 93.693 93.69 94.023 93.946 94.316 93.762 93.773 93.68600000000001 93.75 94.06699999999999 93.75 93.874 93.69799999999999 93.78700000000001 93.785 93.746 93.788 93.739 93.69199999999999 93.67100000000001 93.497 93.863 93.45699999999999 93.569 93.94499999999999 94.26600000000001 93.79600000000001 93.676 93.471 93.65300000000001 93.872 93.584 93.681 93.55200000000001 93.73099999999999 93.489 93.52800000000001 93.60899999999999 93.45999999999999 93.535 93.881 93.961 93.589 93.646 93.86 94.065 93.813 93.73699999999999 93.551 93.538 93.617 93.54000000000001 93.57599999999999 93.58199999999999 93.57299999999999 93.71899999999999 93.742 93.621 93.996 93.628 93.533 93.625 93.84699999999999 93.955 93.477 93.68300000000001 93.411 93.455 93.75 93.554 93.776 93.833 93.62 93.83 93.498 93.691 93.605 93.77500000000001 93.617 93.73399999999999 93.501 93.68300000000001 93.636 93.65900000000001 93.57599999999999 93.446 94.041 93.71299999999999 93.649 93.577 93.745 93.66800000000001 93.54300000000001 93.56999999999999 93.852 93.651 93.54000000000001 94.23699999999999 93.586 93.554 93.548 93.871 93.645 93.36799999999999 93.414 93.553 94.015 93.798 93.958 93.581 93.575 93.759 93.571 93.45 93.69 93.621 93.44499999999999 93.65600000000001 93.63 93.848 93.39400000000001 93.828 93.88500000000001 93.56 93.623 93.634 93.855 93.62 93.57599999999999 93.538 93.611 93.599 253.862 93.395 93.565 93.767 94.021 93.976 93.401 93.947 93.425 93.726 93.85899999999999 93.798 93.539 93.376 93.93600000000001 93.496 93.529 93.70399999999999 93.518 93.48999999999999 93.605 93.551 93.79300000000001 93.714 94.04600000000001 93.41200000000001 93.506 93.45999999999999 93.42700000000001 93.54900000000001 93.601 93.745 93.633 93.592 93.762 93.529 93.432 93.566 93.65600000000001 93.69199999999999 94.11499999999999 93.673 93.58799999999999 93.611 93.55500000000001 93.678 93.742 93.61199999999999 93.699 93.569 93.646 93.768 93.45399999999999 93.66800000000001 93.633 93.453 94.01000000000001 93.598 93.755 93.56999999999999 93.444 93.702 93.58499999999999 93.621 93.535 93.58199999999999 93.767 94.342 93.813 94.029 93.627 93.745 93.71599999999999 93.61799999999999 93.547 93.664 93.601 93.666 93.488 93.703 93.639 93.637 93.447 93.536 94.179 93.494 93.623 93.58 93.681 93.53400000000001 93.708 93.55200000000001 93.548 93.524 93.61 93.621 93.41200000000001 93.60899999999999 253.642 377.763 93.78 93.446 93.779 93.629 93.934 93.589 93.645 93.468 93.658 93.58 93.411 93.56699999999999 93.58199999999999 93.562 93.732 93.505 93.62 93.755 93.616 93.643 93.755 93.776 93.718 93.68600000000001 93.58 93.661 93.637 93.624 93.746 93.797 93.61199999999999 93.63200000000001 93.624 93.598 93.532 93.66800000000001 93.627 93.85599999999999 93.52500000000001 94.075 94.36499999999999 93.777 93.702 93.58 93.81699999999999 377.207 93.441 93.786 94.31699999999999 93.637 93.56100000000001 93.598 93.5 93.643 93.614 93.43899999999999 93.688 93.81 93.61499999999999 93.642 93.633 93.699 93.703 93.637 93.48399999999999 93.527 93.72 93.577 93.343 93.56 93.589 93.494 93.58199999999999 93.595 93.652 93.509 93.592 93.58 93.46299999999999 93.889 93.726 252.311 93.70399999999999 93.76300000000001 93.40600000000001 93.60599999999999 93.44199999999999 93.705 93.527 93.634 94.364 93.79300000000001 93.798 93.79900000000001 93.48399999999999 93.758 93.511 93.783 93.63500000000001 94.15000000000001 93.753 93.666 93.601 93.67700000000001 93.68300000000001 93.789 93.807 378.432 93.721 93.72799999999999 93.745 93.72199999999999 93.687 93.747 93.94499999999999 93.812 94.36199999999999 93.574 93.437 93.61799999999999 93.904 93.61499999999999 93.877 93.60599999999999 93.72 94.28 93.79600000000001 93.654 94.068 93.59099999999999 93.65600000000001 93.703 93.52800000000001 93.628 93.539 0.338 93.38200000000001 93.75 93.82299999999999 93.901 94.373 93.621 94.166 93.81 93.63500000000001 93.63 93.66500000000001 93.599 93.908 93.756 93.661 93.623 376.817 93.81999999999999 93.864 93.321 93.762 93.797 93.98399999999999 93.575 93.86 93.90900000000001 93.426 93.84099999999999 94.003 93.54000000000001 93.64100000000001 93.666 94.12 93.69499999999999 93.874 93.697 93.572 93.53100000000001 93.59699999999999 93.63800000000001 93.405 94.157 93.848 93.675 93.687 93.47199999999999 93.577 93.56699999999999 93.854 93.777


# name: dtlstime_35_1
# type: matrix
# rows: 1
# columns: 446
 101.545 101.435 101.648 101.361 101.745 102.108 101.492 101.434 101.594 101.722 101.304 101.651 101.695 101.422 101.303 101.526 101.713 101.805 101.714 101.466 101.712 101.747 101.587 101.333 101.62 101.422 101.572 101.324 101.846 101.568 101.675 101.515 101.344 101.422 101.424 101.274 101.465 101.415 101.527 101.311 101.623 101.523 101.793 101.583 101.996 102.134 101.434 101.625 101.792 101.467 101.597 101.686 102.014 101.763 101.66 101.718 101.63 101.681 101.588 101.372 101.408 101.511 102.021 101.654 101.392 101.655 101.443 101.801 101.42 101.434 101.608 101.454 101.716 101.642 101.537 101.645 101.893 101.707 101.62 101.685 101.43 101.663 101.573 101.574 101.711 101.511 101.432 101.525 101.7 101.636 101.564 101.39 101.524 101.723 101.618 377.652 101.477 101.64 101.588 101.369 101.609 101.871 101.571 101.676 377.351 102.093 101.448 101.49 101.574 101.546 101.521 101.806 101.523 101.556 102.005 101.672 101.519 101.856 101.602 101.94 101.961 101.55 101.373 101.651 101.683 101.469 101.538 101.717 101.575 101.497 101.29 101.73 101.687 101.552 101.886 101.883 101.508 101.534 101.55 101.77 101.498 101.621 102.007 101.573 101.461 101.625 101.525 101.752 101.627 101.63 101.765 102.071 101.757 101.53 101.845 101.403 101.628 101.767 101.724 102.127 101.748 101.875 101.716 101.614 101.605 101.658 101.431 101.481 101.485 101.881 101.52 101.765 101.452 101.356 101.53 101.599 101.949 101.285 101.239 101.547 101.464 101.412 101.774 101.526 101.212 101.997 101.433 101.503 101.279 101.733 101.386 101.756 101.499 101.769 101.602 101.495 101.757 101.486 101.529 102.066 101.633 101.456 101.717 101.594 101.423 101.348 101.684 102.032 101.472 101.919 101.608 101.491 101.551 101.454 101.65 101.59 101.447 101.782 101.448 101.638 627.458 101.645 101.685 101.305 101.572 101.546 101.42 102.051 101.914 102.01 101.682 101.507 102.153 101.813 101.608 101.715 101.352 101.638 101.754 101.629 101.529 101.901 101.848 101.598 101.315 101.569 101.615 101.592 101.794 101.413 101.765 376.188 101.664 101.507 101.791 101.273 101.357 101.638 101.615 101.779 101.58 101.429 102.135 101.703 101.727 101.66 101.477 101.708 101.805 101.411 101.345 101.497 101.563 101.456 101.424 101.489 101.961 101.54 101.56 101.53 101.549 101.721 101.645 101.593 101.688 101.589 101.875 101.826 101.924 101.636 101.422 101.334 101.602 101.206 101.456 101.346 101.675 101.687 101.567 101.575 101.707 101.686 101.413 101.511 101.453 101.677 101.562 101.655 101.418 101.395 101.281 101.345 101.437 101.589 101.572 101.374 101.678 101.551 101.866 101.586 101.269 101.392 101.55 101.638 101.361 101.331 101.573 101.582 101.811 101.583 101.333 101.549 101.485 101.644 101.728 101.378 101.645 101.529 101.839 101.546 101.752 102.013 101.46 101.584 101.574 101.848 101.65 101.653 101.519 101.667 101.659 101.552 101.292 101.612 101.739 101.412 101.617 101.444 101.952 101.443 101.469 101.734 101.677 101.897 101.541 101.763 101.8 101.599 101.572 101.564 101.435 101.579 101.933 101.444 101.67 101.556 102.152 101.596 101.642 101.468 101.631 101.424 101.496 101.654 101.691 101.54 101.411 101.496 101.648 101.382 101.49 102.187 101.553 101.419 101.206 101.385 101.573 101.634 101.53 101.575 101.573 101.428 101.332 102.041 101.618 101.628 101.628 101.906 101.618 101.573 101.624 101.719 101.72 101.538 101.436 101.643 101.422 101.582 101.503 101.581 101.697 101.361 101.408 101.495 101.598 101.429 101.563 101.352 254.022 101.316 101.724 101.294 101.641 101.582 101.594 101.453 101.582 101.67 101.693 101.538 101.283 101.883 101.517 101.707 101.471 101.619


# name: dtlstime_46_1
# type: matrix
# rows: 1
# columns: 528
 80.158 108.483 108.222 108.18 108.013 108.26 108.398 108.387 108.026 108.232 108.197 108.16 108.235 108.085 108.374 107.944 108.164 108.036 108.117 108.146 108.183 108.35 108.167 107.996 107.968 107.997 108.062 108.114 108.036 108.72 108.043 108.29 108.234 108.233 108.252 108.28 108.34 107.974 108.745 108.131 108 108.112 376.358 108.205 108.402 108.001 107.979 108.142 108.295 108.663 108.018 108.246 108.272 108.319 108.108 108.149 108.053 108.134 108.308 108.127 108.166 108.155 108.373 108.079 108.378 108.098 108.216 108.613 108.129 108.253 108.189 108.356 108.118 108.078 108.516 108.217 108.35 108.27 108.352 108.744 108.057 108.275 108.17 107.931 108.224 108.181 108.139 108.214 108.529 108.137 108.166 108.185 107.845 108.164 108.757 108.213 108.119 108.206 108.441 108.059 108.171 107.991 108.34 108.189 108.175 108.18 108.098 108.3 108.17 108.106 108.138 108.176 108.788 107.769 108.636 108.362 108.469 108.108 108.164 108.224 108.094 108.188 108.304 108.343 108.244 108.144 107.986 108.137 107.893 108.412 108.247 108.169 108.32 108.16 108.089 108.227 108.282 108.087 108.185 108.073 108.505 108.331 108.237 108.234 107.866 108.061 108.197 108.737 108.181 108.238 108.154 107.957 108.185 108.646 108.087 108.284 108.515 108.813 108.235 107.949 108.17 108.248 107.913 108.174 108.25 108.288 108.623 108.268 108.108 108.166 108.165 107.944 108.309 108.881 108.257 108.259 107.953 108.052 108.359 108.582 108.439 108.187 108.192 108.728 108.135 108.242 108.213 108.211 108.16 108.007 108.017 108.198 108.231 108.684 108.15 108.098 108.353 108.12 108.228 108.227 108.255 108.34 108.058 108.095 108.656 108.222 108.016 108.613 108.037 108.017 108.119 108.121 108.068 108.068 108.356 108.068 108.029 108.274 108.165 108.248 107.987 107.991 108.121 107.968 108.35 108.034 107.955 108.317 108.232 108.033 108.27 108.284 108.025 108.08 108.17 108.287 108.228 108.103 108.363 108.284 108.226 108.174 108.024 108.076 108.114 108.061 108.077 108.05 108.087 108.003 108.574 108.187 108.242 107.978 108.758 108.477 108.187 108.296 108.088 108.387 108.403 108.011 108.442 108.64 108.511 108.293 107.96 108.092 108.397 108.238 108.002 108.275 108.177 108.039 108.104 108.667 108.059 108.317 108.072 108.083 108.098 108.449 108.053 108.177 108.093 107.893 108.448 108.328 108.094 108.188 108.492 108.317 108.331 108.259 108.63 108.301 108.282 108.109 108.224 108.646 108.104 108.694 108.504 108.274 108.305 108.117 108.247 108.142 108.316 108.434 108.632 108.492 108.149 108.114 108.092 108.025 108.39 108.581 108.149 108.145 108.029 108.129 108.618 108.373 108.449 107.862 108.131 108.067 108.308 108.082 107.976 108.144 108.072 108.247 108.119 108.372 108.053 108.111 108.08 108.486 108.007 108.605 108.319 108.113 108.114 108.247 108.243 108.658 108.12 108.282 108.188 108.24 108.041 108.604 108.224 108.263 108.166 252.432 108.196 108.153 108.069 108.054 108.135 108.139 108.141 108.218 108.15 108.175 108.207 107.971 108.248 108.101 108.133 108.186 108.136 108.401 108.308 108.125 108.373 108.083 108.309 108.158 108.123 108.084 108.559 108.131 108.17 108.852 108.18 108.046 108.14 108.006 108.005 108.348 108.344 108.202 108.154 108.037 107.998 108.344 108.204 107.996 108.491 108.152 108.13 108.579 108.48 108.089 108.086 108.271 108.207 108.09 108.128 108.103 108.379 108.192 108.088 108.239 108.505 108.311 108.105 108.175 108.212 108.125 108.083 108.185 108.432 108.237 108.773 108.032 108.322 108.206 108.082 108.279 108.311 108.222 108.145 108.033 108.551 108.196 108.232 108.859 108.196 108.269 108.396 108.162 108.087 108.609 108.172 107.999 108.099 108.27 108.206 108.212 108.473 108.18 108.581 108.226 108.01 108.062 108.115 108.056 109.023 107.881 108.22 108.355 108.046 108.175 107.913 108.061 108.298 108.13 108.264 108.062 108.174 108.314 107.998 108.128 108.23 108.455 108.062 107.865 108.632 108.249 108.295 108.182 108.146 108.362 108.376 108.137 108.518 108.505 108.107 108.074 108.004 107.876 108.19 108.21 108.006 108 108.104 108.573 108.283 108.243 108.121 108.143 108.043 108.428 108.05 108.012 108.562 108.324 107.945 108.366 108.425 108.315 108.272 108.054 108.161 108.226 108.125 108.356 108.355 108.188 108.026 108.183 107.955 108.491


# name: dtlstime_46_47
# type: matrix
# rows: 1
# columns: 468
 133.162 133.269 132.969 132.679 133.052 132.886 132.706 132.936 133.347 132.959 132.748 132.931 132.844 132.745 132.876 132.63 132.759 132.763 132.864 132.799 132.619 132.839 132.862 132.647 132.929 132.795 132.66 132.64 132.749 132.95 132.558 133.479 133.114 132.798 132.686 132.956 133.114 132.564 132.911 132.587 133.323 132.744 132.646 132.622 132.717 132.626 132.625 132.896 132.726 132.77 132.436 132.823 132.787 132.85 132.767 133.124 132.725 132.647 132.857 133.241 132.755 132.866 133.234 132.885 133.173 132.515 132.769 132.699 132.537 132.869 132.756 132.676 132.847 132.543 132.628 132.658 132.556 132.605 132.544 132.758 132.733 132.845 132.537 132.881 132.904 132.743 132.645 132.693 132.536 132.741 132.711 132.907 132.647 132.668 132.754 375.589 132.998 132.68 132.653 132.909 133.173 133.24 132.84 132.543 132.776 132.746 132.73 132.631 132.682 132.878 132.589 132.619 132.877 132.74 132.65 132.935 132.759 133.279 133.28 132.719 132.889 132.621 132.751 132.83 132.756 132.531 132.593 132.981 132.936 132.761 132.735 132.809 132.862 132.607 132.658 133.26 133.22 132.653 133.064 375.307 132.769 132.736 132.711 132.857 132.578 132.744 132.52 132.663 132.797 133.061 132.599 132.722 132.833 132.693 132.598 132.64 132.629 132.655 132.597 132.692 132.484 132.539 132.536 132.92 132.545 133.221 132.833 132.729 132.699 132.799 133.055 132.758 132.514 132.61 132.548 132.657 132.623 132.823 132.755 132.666 133.315 132.78 132.667 132.377 132.804 132.737 132.602 132.565 132.895 132.754 132.628 132.779 133.018 132.794 132.535 132.646 132.715 132.569 132.682 133.197 132.691 132.713 132.526 132.783 132.715 132.693 132.683 132.682 132.517 132.699 133.285 132.511 132.768 132.76 132.688 132.6 132.705 132.639 132.652 132.792 132.9 132.569 132.778 132.896 132.951 15.587 125.845 132.761 132.725 132.899 136.72 132.554 132.669 132.74 132.642 132.71 132.847 132.579 132.728 132.684 132.914 132.706 132.59 132.554 132.739 132.91 132.745 132.608 132.617 132.575 132.554 132.644 132.642 132.682 375.573 132.587 132.807 133.054 132.525 132.519 132.749 132.541 132.524 132.695 132.882 132.838 132.897 132.593 132.726 133.027 132.67 132.777 132.721 132.699 132.673 132.952 132.806 133.124 132.998 132.891 377.296 132.811 132.803 132.74 132.738 133.142 133.344 132.633 132.903 132.948 132.49 133.329 132.787 377.48 132.799 132.906 132.678 132.568 132.659 132.745 132.594 132.5 132.706 132.707 132.659 132.607 132.698 132.744 132.782 132.618 132.744 132.496 132.637 132.733 132.825 132.61 132.652 132.759 132.729 132.771 132.725 132.528 132.798 132.663 132.73 132.664 132.823 132.736 132.644 132.684 132.667 132.688 132.652 132.876 132.533 132.843 132.776 132.832 132.566 132.746 132.602 133.36 132.642 132.858 132.555 132.517 132.684 132.589 132.759 132.774 132.673 132.502 132.918 132.94 132.848 132.95 133.025 132.989 376.088 132.766 132.772 132.673 132.636 133.081 132.825 133.016 132.749 133.262 132.816 132.615 132.514 132.804 132.573 132.583 132.873 132.999 132.847 132.958 132.688 132.557 133.099 132.71 132.778 132.982 132.746 132.636 132.829 132.795 132.653 132.985 132.845 132.591 132.459 132.644 132.775 133.187 132.527 132.514 132.641 132.776 132.81 132.776 132.83 132.811 132.704 132.625 132.637 132.703 132.945 132.846 133.085 132.612 132.73 132.702 132.712 132.686 133.106 132.679 132.859 132.89 132.894 132.739 132.935 132.849 132.818 133.024 132.605 132.657 132.459 132.738 132.643 132.555 132.809 132.884 132.958 132.627 133.27 132.828 132.91 133.078 132.761 132.641 132.688 132.857 132.675 132.684 132.62 133.164 132.679 132.972 132.705 132.602 132.706 132.933 132.64 131.902 132.757 133.045 132.911 132.715 132.795 132.727 132.621 132.665 132.771 132.791 132.824 132.595


# name: n
# type: matrix
# rows: 1
# columns: 5
 1 12 23 35 46


# name: t
# type: matrix
# rows: 1
# columns: 5
 79.712 86.3445 93.65000000000001 101.5865 108.185


# name: x
# type: scalar
2.584096385542169


# name: y
# type: scalar
3635.841399277109


# name: z
# type: matrix
# rows: 3
# columns: 1
 77.12790361445784
 31.99578313253013
 -17.29853012048193


