217
32.4
167
32.3
32.4
32.4
32.3
32.8
32.4
32.3
32.4
32.4
32.3
32.8
32.4
32.4
32.4
164
32.3
208
32.4
32.2
32.4
32.4
32.3
32.4
32.4
32.3
32.5
32.4
32.3
32.4
32.4
240
168
32.4
180
32.5
32.4
32.4
32.4
32.4
84.1
32.4
32.3
32.6
32.3
32.4
32.4
32.4
32.4
32.3
32.4
32.4
32.4
32.4
32.4
32.4
32.4
32.8
32.3
32.5
32.5
32.3
32.3
32.4
32.3
32.4
32.4
32.3
32.4
32.4
32.7
205
32.4
32.3
32.3
32.4
32.3
32.3
32.4
32.3
32.4
32.4
32.1
32.4
153
32.3
32.4
32.4
249
32.3
253
32.3
32.4
32.4
32.4
32.5
32.4
32.1
32.4
32.4
32.4
32.4
32.4
32.3
32.4
244
32.3
32.4
32.4
32.3
32.4
32.4
32.7
161
269
32.3
32.4
32.4
32.3
32.4
32.4
32.3
32.2
32.4
32.3
32.4
235
32.3
32.4
32.4
32.3
32.4
32.4
33.5
32.3
32.4
32.4
32.4
32.4
32.3
259
32.4
32.3
32.4
32.5
32.3
32.4
32.4
32.4
32.4
32.4
32.3
32.3
262
32.4
32.4
32.4
263
32.3
32.4
204
32.3
32.4
32.3
182
32.4
32.3
32.4
0
32.3
32.4
32.4
32.3
32.4
32.4
32.3
32.4
32.4
32.4
32.4
205
32.3
32.4
32.5
32.3
32.3
32.5
32.4
32.2
32.3
32.3
32.5
32.5
32.3
32.3
32.5
32.3
32.4
32.4
275
32.8
32.4
32.3
32.3
32.4
32.3
32.3
32.5
32.1
32.5
32.3
32.4
32.5
167
32.2
32.2
32.2
271
192
519
33.3
32.4
32.4
32.3
32.4
32.4
32.3
32.3
32.3
200
32.2
32.3
32.1
32.4
631
803
32.3
32.4
32.3
32.3
32.3
32.2
32.2
32.4
32.3
236
32.3
32.3
32.3
191
32.3
32.4
32.4
32.3
32.4
32.4
32.5
32.3
32.4
32.8
188
32.3
32.8
176
32.4
32.2
32.3
32.4
32.4
32.4
243
32.3
32.4
32.4
32.4
32.4
202
32.2
32.4
190
399
32.4
32.3
32.3
32.3
32.4
32.3
0
32.4
32.3
32.4
32.4
32.3
32.3
32.4
32.3
32.3
32.4
32.4
32.4
32.3
261
32.8
32.4
232
1067
0
245
32.4
0
33.8
32.4
32.4
32.4
228
32.3
32.3
32.3
32.4
32.3
32.4
32.4
32.4
168
0
33.5
32.3
242
32.3
32.3
32.4
236
227
32.8
32.3
32.3
212
32.3
32.4
32.4
246
32.4
32.3
32.1
201
32.4
32.3
32.4
32.4
32.3
32.3
245
32.3
32.4
32.4
32.4
32.5
32.4
32.3
32.5
32.4
260
32.4
32.4
32.3
199
32.3
32.4
32.4
32.4
32.4
32.3
32.4
32.3
32.4
32.5
32.3
32.3
187
32.2
32.3
268
32.3
430
32.3
186
32.3
32.4
32.3
32.4
32.4
32.3
32.5
32.4
32.3
32.4
32.2
32.4
189
32.4
32.3
32.4
0
222
496
32.4
32.4
32.5
32.4
32.3
32.4
32.3
32.3
32.5
32.4
32.4
32.4
234
32.3
32.5
32.5
32.4
32.4
342
32.3
32.4
32.4
32.4
32.3
32.5
32.3
32.4
32.4
32.3
32.4
32.4
32.3
32.3
32.4
32.3
206
32.3
32.3
32.3
32.3
238
32.1
32.4
32.3
32.4
32.4
32.3
32.3
32.4
32.4
32.8
32.2
32.3
204
32.4
32.3
32.3
32.5
220
220
32.5
233
32.4
32.4
386
32.4
32.4
32.1
32.3
32.4
410
32.3
32.4
32.3
32.4
32.4
32.3
32.3
250
32.3
32.4
32.8
32.3
0
188
32.2
32.4
185
32.3
32.4
0
34.3
165
32.4
32.3
32.1
269
32.4
32.4
226
32.4
32.4
32.4
32.3
196
32.4
32.3
32.3
32.4
32.3
187
32.4
32.3
419
32.4
32.3
32.3
32.4
32.2
32.4
32.5
269
32.5
32.4
32.2
32.3
266
32.4
32.3
32.3
32.1
264
904
32.4
0
32.4
32.8
32.4
32.4
32.3
32.3
32.4
32.3
32.4
32.4
32.3
208
32.4
32.3
32.4
32.3
32.4
32.4
32.4
32.4
210
272
32.3
32.4
32.5
32.3
32.4
32.4
32.3
257
32.5
32.3
32.1
32.4
32.4
32.4
32.4
32.3
32.4
32.5
200
32.3
32.4
32.3
32.4
32.3
32.3
32.3
32.4
32.3
32.3
32.4
32.3
250
256
32.3
32.4
32.4
32.4
32.4
32.4
32.2
32.4
32.5
32.2
32.4
32.4
32.4
32.4
32.4
32.3
32.4
32.4
32.3
32.4
32.4
32.3
32.4
32.3
32.3
32.4
32.4
32.2
32.4
32.5
184
151
32.5
32.3
32.3
32.5
32.4
32.5
0
32.3
32.5
152
32.4
32.4
32.4
32.4
32.4
32.4
32.3
32.4
32.4
32.4
157
32.4
32.3
341
32.4
32.3
32.3
234
32.3
32.4
32.4
32.3
32.4
32.4
32.3
32.4
32.4
257
32.3
32.4
167
32.7
32.4
32.4
32.3
32.3
32.3
32.3
32.4
32.4
32.4
32.4
32.5
32.4
238
32.3
32.3
234
32.3
32.4
32.5
149
32.4
32.4
32.2
32.3
32.1
32.3
32.4
32.4
32.4
32.4
734
32.3
32.3
160
32.3
32.4
32.5
302
32.4
32.3
32.4
32.3
32.4
32.3
32.4
32.5
32.3
32.4
222
236
32.3
32.4
32.2
32.4
32.4
32.4
32.4
32.3
32.3
32.3
32.4
32.3
32.4
32.4
32.4
226
32.4
32.3
32.3
32.4
32.4
162
32.4
32.4
274
32.4
32.2
32.3
32.4
32.2
32.3
32.4
32.4
32.4
32.4
194
32.3
32.4
32.3
32.4
32.5
32.4
32.4
32.4
32.3
32.4
32.4
152
32.4
32.3
32.3
32.4
32.4
32.3
32.4
32.3
32.3
32.4
181
243
32.4
32.4
32.3
32.4
32.5
32.3
32.3
32.4
32.2
32.3
32.4
32.3
232
32.4
32.3
196
187
0
32.3
32.3
244
32.4
32.2
40.0
32.2
32.4
32.3
32.3
32.4
32.3
32.3
267
32.2
32.3
232
223
32.3
259
32.3
32.3
32.4
32.2
32.3
32.3
32.2
32.3
32.3
32.4
32.4
32.3
32.3
231
32.8
32.3
32.4
32.7
32.3
32.2
32.3
32.2
32.4
32.3
32.3
32.3
32.5
32.3
318
32.3
32.2
32.4
32.3
32.3
32.4
52.6
32.2
32.4
32.3
32.2
32.3
32.3
32.3
32.3
32.8
151
32.3
32.4
185
32.3
182
32.3
32.4
32.4
32.3
32.4
0
32.4
32.4
32.4
32.2
32.3
32.5
32.3
32.3
32.4
32.3
32.3
32.3
184
0
175
32.4
32.3
32.3
32.3
32.4
181
180
32.4
32.5
32.2
32.4
32.4
32.3
32.5
159
32.3
32.5
32.3
32.3
32.4
189
32.3
32.4
32.4
269
32.4
196
32.3
32.3
32.4
32.3
32.4
32.4
32.3
32.3
32.3
32.3
32.3
32.4
32.3
32.4
32.4
32.1
32.4
32.4
32.3
32.4
32.4
32.2
32.4
314
157
32.4
32.4
32.3
32.4
32.4
32.3
32.4
32.4
32.4
32.8
154
32.3
32.4
32.4
32.4
32.4
185
32.3
32.4
32.5
241
32.4
230
228
32.3
32.3
223
32.3
32.4
32.3
32.3
32.4
32.2
32.3
32.4
32.2
32.2
32.3
32.2
32.4
228
32.1
32.2
257
32.2
32.3
32.2
32.3
32.4
32.3
32.3
32.2
32.4
32.3
32.4
32.3
197
