72.7
71.9
72.1
0
63.5
63.7
59.4
0
671
55.0
50.8
0
42.3
42.9
42.3
42.4
169
165
289
287
161
661
283
161
156
284
156
279
279
152
152
278
152
275
148
0
394
144
518
264
139
139
139
388
135
135
135
376
375
381
131
131
371
127
127
370
127
368
993
500
1504
868
361
360
741
359
114
114
114
114
110
235
110
110
106
106
106
106
105
106
346
101
101
226
97.5
97.5
93.3
97.5
93.3
0
89.1
85.3
84.9
84.6
84.9
81.1
80.4
81.0
80.6
327
76.4
76.3
76.2
76.4
72.0
72.0
72.0
195
321
67.8
67.8
193
67.8
67.9
308
63.5
63.7
64.0
59.9
59.4
59.3
308
59.4
55.1
55.2
55.2
55.0
55.2
50.8
50.8
423
50.8
46.9
46.7
287
287
42.4
42.5
42.3
283
165
781
165
287
160
161
536
161
536
161
410
157
409
156
281
647
156
402
152
152
152
152
277
148
148
514
144
144
144
0
135
626
131
256
375
131
131
126
0
0
503
131
127
127
127
501
127
127
123
122
123
122
122
0
114
612
114
360
979
239
110
110
603
235
0
101
101
224
101
347
97.4
0
97.5
97.4
346
93.4
93.2
0
84.6
212
85.1
84.8
80.5
0
72.1
72.0
0
0
72.1
318
72.2
313
67.8
67.9
67.8
67.9
0
59.2
59.4
55.1
55.2
55.2
55.2
50.8
50.9
51.3
50.8
291
47.1
46.7
46.7
42.9
42.4
293
285
42.4
42.4
407
291
165
0
156
152
152
152
148
392
392
148
524
148
275
515
397
148
148
143
270
144
144
144
394
396
770
148
144
388
144
0
754
139
136
135
135
135
131
131
379
131
131
379
127
378
127
127
369
127
379
375
122
122
498
366
374
249
370
123
122
122
246
119
118
1368
1367
1742
1618
1487
988
1489
0
1742
981
110
105
106
101
101
105
102
101
0
93.2
89.3
89.1
89.0
88.9
89.3
1211
574
76.1
76.7
325
76.3
76.2
574
76.3
324
76.2
318
76.8
448
76.3
72.6
321
72.0
72.1
0
64.0
63.6
187
59.3
59.3
59.2
59.7
55.1
55.4
54.9
55.0
298
0
55.1
55.0
55.0
304
54.9
294
51.2
50.8
0
42.2
42.6
42.5
165
288
165
161
284
0
157
404
156
397
152
152
0
148
148
517
144
271
144
144
144
386
144
0
135
385
0
131
496
127
379
127
252
255
250
127
127
127
122
123
365
122
122
122
118
495
242
244
119
118
360
612
118
118
118
367
118
114
239
114
114
355
110
110
110
110
236
110
110
105
356
105
105
105
0
341
221
97.3
97.5
97.4
97.3
93.2
969
93.2
93.7
336
0
89.1
329
84.7
84.9
208
84.9
84.8
80.4
80.6
0
72.0
72.2
314
72.0
72.0
320
71.9
0
63.7
63.5
59.3
59.4
59.3
59.2
433
59.3
301
59.8
59.2
59.2
55.2
54.8
679
179
55.4
50.9
302
55.1
50.9
55.2
55.1
50.9
55.1
55.0
55.0
55.2
297
55.0
55.2
55.0
55.6
55.1
306
55.0
55.1
55.1
55.1
55.2
55.1
55.1
59.2
59.2
300
59.4
59.4
59.3
55.2
59.2
59.4
55.2
183
59.3
59.4
59.2
59.3
308
59.2
59.3
60.2
59.6
59.5
59.4
59.2
59.3
301
59.2
59.2
560
0
50.9
51.0
0
46.6
46.7
46.6
46.6
46.6
47.0
46.6
46.7
46.5
42.4
42.6
42.5
42.5
43.0
42.3
42.4
42.4
42.3
42.3
42.5
42.2
42.4
42.4
42.3
42.9
42.4
42.4
42.9
42.5
294
47.4
42.4
42.3
46.7
46.6
42.7
42.4
42.9
286
536
42.5
42.3
42.5
42.4
38.0
290
161
406
410
160
161
160
161
652
160
156
156
406
406
780
156
407
152
395
152
148
275
400
148
275
515
144
395
388
144
269
143
143
139
139
263
640
139
387
135
135
135
135
135
131
379
131
131
127
0
127
127
127
249
127
122
366
365
122
122
123
371
118
118
114
0
361
234
351
0
101
0
97.3
97.4
595
93.2
93.3
93.7
93.1
93.2
93.2
341
89.0
88.8
0
80.4
578
330
76.3
452
76.7
0
68.2
560
67.7
67.8
63.5
314
63.5
59.3
310
932
59.7
59.3
59.6
55.5
55.3
0
46.7
46.7
42.2
286
42.5
42.2
38.0
42.5
537
165
165
289
286
161
160
160
157
284
282
156
156
152
0
152
152
0
143
395
144
145
143
144
265
139
139
387
135
135
135
135
135
131
131
131
131
127
878
127
0
371
127
127
127
122
122
122
373
245
118
241
118
118
114
114
114
114
110
353
110
110
356
110
358
106
105
106
106
101
101
101
97.3
350
347
97.4
97.6
344
93.6
836
93.4
0
346
467
93.2
93.3
93.3
89.3
89.0
89.1
336
0
80.5
80.4
338
453
76.2
76.6
76.4
76.1
72.1
72.1
72.3
67.8
67.9
68.3
67.9
67.7
63.6
315
63.6
59.3
59.2
0
60.1
302
59.4
59.1
55.1
55.1
55.0
553
55.0
303
546
51.4
424
50.8
297
46.5
46.6
0
165
165
161
161
287
161
411
161
161
401
400
408
280
152
396
402
152
152
148
767
148
148
521
0
399
148
148
144
144
144
387
144
391
144
144
393
140
139
139
139
139
386
136
135
135
257
135
131
131
254
256
378
252
127
127
368
127
372
616
122
122
0
114
239
114
114
362
236
110
234
110
232
105
349
106
354
102
226
725
0
93.1
218
93.3
0
85.0
84.6
84.8
84.7
81.1
81.0
80.5
76.3
76.3
76.7
71.9
76.2
0
67.8
63.7
63.5
0
55.2
55.1
55.5
305
55.0
50.9
50.9
50.7
0
50.8
50.9
47.1
47.1
47.0
46.5
42.4
42.4
0
538
160
161
160
534
660
160
283
287
283
401
157
400
156
156
152
275
