264
21
265
268
20
24
265
24
268
264
21
21
25
23
265
24
24
268
21
50
264
20
268
20
268
24
268
24
268
21
268
21
20
268
25
21
264
25
21
264
20
24
268
24
267
160
268
20
268
23
20
264
20
264
24
264
20
23
17
268
21
25
265
243
268
157
214
172
268
21
268
21
21
264
20
264
20
265
20
268
25
26
267
268
159
20
21
40
17
264
264
25
20
23
265
20
267
268
23
268
265
25
25
25
264
267
23
23
264
268
23
27
268
265
22
25
264
158
264
20
25
268
157
267
21
268
264
21
24
183
265
24
22
264
264
20
25
23
25
268
23
268
20
267
159
25
268
25
265
24
264
25
20
24
24
20
268
261
51
40
101
183
180
204
88
138
55
265
264
23
268
20
24
268
24
264
25
199
20
267
25
20
19
264
190
267
24
264
24
263
24
20
164
264
21
268
24
23
20
264
25
24
264
268
20
268
25
228
21
197
25
25
268
204
268
268
24
25
153
265
25
25
27
268
268
25
264
25
25
268
158
20
25
264
48
268
24
268
24
265
24
18
25
15
33
21
268
190
268
21
267
25
264
26
268
20
22
267
265
20
268
20
24
19
264
159
20
268
24
23
265
27
264
24
25
265
25
21
25
268
25
262
25
264
267
24
267
21
264
21
264
267
24
149
20
268
24
21
21
264
25
268
23
264
24
22
265
21
24
268
159
268
268
25
268
20
25
266
24
19
16
25
265
21
25
264
24
264
20
267
264
23
267
21
265
23
24
265
21
235
267
264
25
264
21
23
244
268
25
264
268
20
264
22
150
265
25
268
165
18
25
25
264
145
19
264
20
265
21
21
25
264
264
19
264
19
18
25
25
265
21
264
264
22
268
23
25
20
264
268
21
264
21
16
20
21
265
20
20
17
24
22
264
22
264
20
264
24
267
24
19
19
24
264
24
268
24
264
25
25
267
25
20
33
14
161
74
19
25
70
264
25
267
25
25
18
24
24
20
268
24
264
268
24
25
267
20
19
265
23
265
25
21
19
24
25
24
21
20
268
268
23
264
265
22
268
25
20
267
25
25
268
268
20
264
20
20
25
18
32
66
316
265
264
20
267
21
267
71
17
264
25
264
19
25
41
17
66
267
20
24
181
264
24
264
20
331
21
268
25
264
267
25
25
264
25
20
268
160
267
25
264
25
264
17
25
264
156
24
24
18
20
24
25
295
80
140
38
224
48
70
137
34
116
36
67
76
126
102
64
124
85
126
137
32
72
39
133
33
64
72
123
19
83
119
40
86
109
95
143
36
125
94
129
14
64
66
100
68
64
315
184
264
264
21
21
264
264
25
264
268
23
22
265
24
25
264
264
25
24
267
22
264
264
264
25
23
268
20
21
264
20
268
156
24
264
25
264
20
25
267
24
264
25
268
268
22
268
268
24
264
24
21
268
25
22
268
24
22
18
264
25
264
24
20
264
24
268
267
267
25
267
25
268
21
20
24
23
125
156
267
22
25
20
331
24
22
268
268
26
264
24
24
264
24
23
25
20
268
157
25
268
20
267
25
268
184
22
21
25
268
21
15
143
39
23
264
264
25
264
25
268
25
20
21
267
25
264
25
268
157
134
57
268
25
264
24
267
159
24
264
264
21
268
264
25
264
21
25
264
264
25
265
25
22
20
19
268
24
264
264
21
264
24
22
25
24
268
264
21
264
20
264
24
264
21
25
25
26
19
25
268
23
264
159
20
25
268
160
267
24
24
268
24
267
21
265
24
25
268
25
24
268
268
264
21
264
268
21
25
264
157
21
268
21
16
268
268
24
25
265
20
225
57
75
21
32
16
264
24
268
21
23
24
267
157
21
264
267
24
24
264
25
25
268
24
22
19
265
265
25
268
269
20
268
23
25
15
270
27
21
268
25
267
25
268
24
264
31
25
267
158
268
21
264
25
269
26
19
19
25
20
20
17
264
20
268
25
21
268
267
24
264
25
264
25
24
267
159
19
264
264
20
267
268
24
25
25
18
19
16
70
21
268
268
25
264
25
267
25
24
267
267
20
70
268
267
20
246
268
159
20
20
264
24
22
264
21
264
21
263
20
24
18
25
267
22
25
24
264
252
267
24
21
17
15
268
25
25
268
23
258
24
268
24
25
267
265
267
264
157
24
264
268
24
20
268
160
21
24
265
269
25
267
268
161
20
264
264
25
268
227
266
264
20
21
265
20
25
264
268
21
16
19
48
81
20
267
24
21
24
19
25
35
23
229
20
265
24
20
264
264
24
268
24
16
19
22
268
21
268
158
264
23
264
25
19
25
24
268
24
21
267
158
265
25
264
264
21
20
268
25
20
20
29
268
265
160
25
267
24
25
26
20
146
38
123
103
105
72
124
139
204
28
83
64
77
126
94
110
82
82
114
131
122
48
115
24
117
65
235
142
25
267
21
21
267
25
21
264
268
25
264
264
20
264
25
25
20
268
25
264
20
264
25
264
264
25
21
17
16
20
264
21
264
25
267
158
19
25
24
268
24
159
264
20
19
32
268
24
25
261
135
118
19
264
158
24
19
24
265
268
21
25
20
25
268
264
25
265
25
25
268
25
20
263
19
267
20
20
267
268
159
25
20
24
18
268
21
331
264
24
268
25
21
268
267
20
267
23
268
268
24
25
267
24
23
264
268
23
264
24
264
238
268
25
24
25
264
24
21
15
17
25
25
268
264
20
268
20
20
268
157
268
24
21
264
156
268
25
268
21
268
20
267
264
23
24
19
21
265
22
118
243
268
267
20
265
25
25
24
254
268
264
24
264
21
21
24
17
268
157
21
20
268
268
27
267
25
264
160
138
30
21
21
16
25
25
268
21
25
264
157
268
20
267
21
267
159
20
30
142
268
20
267
265
24
264
24
24
267
264
19
264
268
20
20
21
268
20
24
268
264
25
21
22
21
267
264
25
267
25
268
159
24
20
67
126
82
314
265
21
267
25
21
23
24
20
264
268
20
268
21
20
21
268
160
39
268
21
268
158
23
26
20
236
265
22
20
267
25
264
20
267
21
24
264
17
19
268
19
26
264
22
25
264
264
20
25
20
20
207
268
160
268
264
20
268
25
20
267
26
25
17
22
268
24
21
24
268
213
15
34
87
33
55
267
21
24
20
19
107
116
35
89
19
268
21
179
264
21
23
264
22
264
24
264
15
24
20
155
115
267
23
267
24
197
20
20
20
25
264
25
22
264
24
268
24
20
19
70
155
19
268
28
264
20
18
20
34
268
264
25
25
268
21
23
268
24
264
267
158
16
25
264
25
268
20
20
264
267
21
268
164
21
21
215
267
25
20
264
264
23
264
20
22
111
268
25
24
265
24
269
25
268
23
265
25
21
268
265
159
25
20
164
267
24
17
268
189
269
23
267
24
25
22
264
20
21
268
268
25
16
16
31
267
265
264
264
25
268
159
25
20
268
24
19
16
32
22
46
268
25
25
20
20
25
264
21
265
268
25
264
268
21
24
264
25
268
24
267
165
264
23
265
25
264
267
25
268
201
101
129
15
24
264
268
25
268
25
25
19
19
21
15
20
21
24
268
267
268
26
268
264
25
15
23
56
268
21
23
265
24
264
180
20
265
268
15
142
