267
24
181
25
24
25
264
24
21
26
268
21
25
264
21
264
24
264
22
268
21
23
267
20
21
268
264
23
265
21
267
21
25
267
264
20
264
21
22
268
264
21
24
22
190
268
24
332
267
25
264
21
25
264
159
268
264
21
264
21
268
25
268
269
24
431
197
268
20
264
25
25
268
25
21
264
24
228
21
265
268
24
264
264
20
25
268
22
25
270
22
268
230
268
24
24
24
21
25
268
20
24
268
268
25
268
25
268
264
21
268
264
25
24
25
264
268
25
268
25
21
267
268
25
265
267
21
264
264
265
21
268
25
264
21
19
264
268
21
267
21
25
270
268
264
21
268
25
268
165
21
25
264
268
20
270
267
20
264
20
268
25
25
264
17
264
33
268
21
230
268
25
268
264
23
264
20
18
268
25
267
264
267
264
21
268
264
21
20
268
268
25
268
25
19
20
21
68
16
268
24
185
25
23
268
268
21
267
184
25
20
264
25
24
267
24
20
223
268
23
20
267
268
21
264
268
24
268
264
21
24
264
264
25
268
21
268
268
267
25
264
264
25
24
264
23
267
268
25
267
264
22
21
268
24
264
25
22
264
25
268
267
25
20
21
23
264
264
20
268
264
21
264
24
268
20
21
265
181
21
267
20
23
267
268
20
265
267
25
268
25
264
25
264
24
20
267
21
21
265
20
265
25
267
25
268
264
22
264
264
25
20
269
25
21
264
265
25
264
21
268
264
24
264
267
25
265
21
24
268
264
20
267
25
264
20
264
25
268
268
25
264
21
20
264
25
268
24
23
21
268
25
20
265
268
24
264
21
268
264
25
264
267
25
264
264
20
25
268
21
25
265
160
23
184
264
20
264
25
21
22
19
264
90
173
51
168
20
168
16
157
183
268
268
265
25
22
267
250
25
24
267
264
20
264
24
268
20
268
25
21
24
268
267
21
265
20
264
264
21
21
185
25
24
264
264
268
264
25
24
135
25
20
268
25
24
267
24
264
25
268
22
268
24
267
164
24
160
263
24
24
268
24
23
25
267
218
264
264
20
264
264
24
268
20
268
20
234
25
264
268
21
21
20
268
264
25
267
22
264
264
25
267
20
19
267
24
268
268
20
268
15
25
22
19
20
22
15
200
21
35
16
264
25
20
31
254
24
265
25
24
268
264
16
270
42
25
43
57
264
264
20
22
264
268
159
25
24
17
35
143
151
71
21
20
15
250
127
108
122
241
229
268
172
267
20
267
20
25
77
275
35
185
24
15
21
65
165
51
25
222
20
25
24
268
159
24
21
264
264
24
265
25
