25
24
264
20
265
25
267
21
21
25
267
264
24
269
25
20
268
21
268
20
25
267
20
22
264
24
267
21
21
267
264
24
268
20
20
267
268
24
21
21
222
264
24
264
25
268
158
26
267
20
22
264
21
264
25
21
268
25
264
22
264
156
24
21
267
268
22
267
25
17
331
316
268
20
18
20
26
267
260
267
25
264
22
268
24
20
19
17
25
264
24
20
267
22
264
23
25
264
267
25
20
21
22
15
25
25
152
25
23
264
24
24
264
24
25
268
20
264
20
26
264
157
24
20
264
159
18
24
21
24
268
20
264
25
264
58
94
199
268
200
121
255
33
106
21
267
182
264
20
264
19
24
268
25
268
268
22
268
264
25
20
265
159
267
20
24
268
268
20
268
268
21
264
264
25
222
24
24
268
21
268
24
268
25
268
24
25
264
25
264
156
173
40
26
47
265
264
20
268
25
267
24
270
25
175
22
264
149
268
21
25
20
264
21
264
21
268
25
24
268
25
22
25
21
267
268
24
265
20
22
268
268
338
266
265
21
268
24
24
20
166
265
22
264
22
264
143
56
158
23
267
56
70
264
168
71
126
133
111
113
26
66
135
70
105
106
200
129
138
112
119
41
130
58
106
58
66
34
268
24
22
268
24
268
25
24
264
24
265
158
20
267
25
24
17
25
15
71
78
230
19
24
24
15
24
21
118
61
25
16
153
44
20
188
268
24
264
21
204
56
67
14
321
223
265
264
25
264
268
25
268
21
197
19
18
268
21
264
21
264
268
15
20
24
264
20
16
21
268
24
238
187
74
25
25
25
20
268
20
24
264
25
268
264
25
17
21
22
268
264
24
268
25
25
24
25
25
267
20
268
25
24
25
25
25
264
20
268
25
24
265
20
214
24
19
265
20
264
18
20
20
268
267
159
20
20
264
24
155
75
86
20
26
34
20
268
25
267
25
268
265
21
24
268
24
24
15
98
141
28
264
158
20
268
20
214
267
25
25
268
265
24
264
25
264
268
20
20
20
20
25
199
25
268
25
264
24
264
264
20
268
22
268
21
20
24
268
159
25
268
184
24
23
268
156
20
21
19
17
268
25
21
268
20
264
21
21
21
23
264
17
264
25
24
41
156
121
49
79
122
43
51
104
309
161
270
65
119
135
33
265
24
268
218
25
97
67
268
35
150
36
264
25
264
268
20
15
213
157
264
158
20
21
24
264
25
264
24
25
264
268
25
25
25
264
25
25
267
264
24
21
264
264
20
264
20
264
20
268
24
20
267
20
268
157
20
22
21
268
20
20
268
264
158
20
14
19
140
49
232
72
34
18
207
259
267
157
20
25
268
20
263
268
25
23
268
23
268
23
24
64
76
94
20
267
25
26
19
18
20
269
268
20
264
25
24
264
268
25
269
24
267
25
267
20
264
268
202
143
30
264
24
268
21
19
16
36
21
135
17
23
20
268
264
20
268
24
268
25
22
264
25
21
20
214
111
104
170
14
56
113
95
74
95
122
89
43
129
20
113
206
173
20
264
264
20
23
23
22
264
24
25
265
25
20
264
21
25
20
24
268
22
268
25
264
25
20
23
265
264
158
25
267
158
184
24
268
24
264
24
24
268
20
28
