25
264
24
25
268
25
23
268
21
24
265
268
25
27
21
19
25
20
58
269
268
24
264
20
21
21
264
21
264
25
265
268
24
23
267
25
264
264
22
268
268
25
21
19
16
20
19
21
25
55
78
25
264
23
19
25
24
23
16
276
48
19
38
268
24
256
97
64
46
35
36
270
40
268
268
24
264
25
25
20
40
377
24
264
23
265
25
20
21
20
268
18
24
264
21
198
26
20
49
24
18
77
134
85
16
321
187
25
25
267
25
205
18
64
81
18
23
264
157
268
21
16
265
268
20
182
25
20
264
267
24
268
159
21
25
19
259
17
25
81
122
70
86
133
69
41
39
119
103
122
100
112
195
138
20
43
159
21
159
50
254
19
145
124
32
106
54
127
150
43
35
264
168
25
267
16
21
119
24
62
36
117
60
80
308
65
120
88
91
79
65
64
96
123
25
154
190
22
24
264
21
17
213
125
56
42
65
64
64
35
133
19
103
87
21
267
247
16
21
19
129
65
101
48
65
111
53
44
99
236
236
264
27
264
25
267
22
264
145
38
111
77
64
77
90
113
71
83
96
49
267
21
20
24
20
25
181
125
16
42
152
24
285
129
70
331
55
95
102
69
122
55
123
55
104
235
26
24
264
20
23
18
70
78
117
42
92
68
121
55
40
210
64
119
87
93
126
64
111
179
30
73
103
64
25
423
24
25
264
24
264
21
264
239
147
48
247
14
339
165
400
33
20
25
169
92
71
80
124
96
126
83
99
83
39
132
134
120
112
111
51
103
108
19
124
95
102
182
167
158
18
22
264
264
20
264
60
45
64
65
111
69
119
25
70
40
107
91
122
85
81
267
18
20
25
25
20
69
21
31
121
268
20
22
23
268
25
264
264
25
268
20
25
265
276
268
20
24
18
264
21
25
20
22
264
25
24
265
268
25
243
264
20
25
268
264
22
267
24
19
103
128
18
95
65
76
89
55
72
70
112
65
68
92
263
56
79
64
114
64
97
76
89
106
88
122
125
64
55
127
50
64
77
64
270
64
25
268
20
264
25
267
24
268
25
268
23
21
265
24
20
20
25
24
267
264
267
268
24
268
25
195
22
19
25
20
20
264
26
268
25
47
20
19
18
20
264
23
19
143
33
32
26
24
21
268
20
25
15
180
88
264
25
24
264
25
264
20
65
77
16
19
32
33
282
64
122
17
18
62
265
22
25
181
244
25
21
189
264
268
20
88
17
19
20
268
20
24
263
24
24
18
268
21
264
244
24
25
264
159
25
22
264
25
268
24
85
55
93
44
111
268
26
87
181
64
16
40
283
49
264
24
264
159
22
263
21
268
161
24
22
267
25
20
16
15
264
21
19
267
20
268
21
265
264
268
135
161
63
184
95
268
268
21
181
120
48
61
65
72
123
39
92
55
55
125
55
115
120
19
43
117
182
24
21
21
184
20
264
20
268
22
21
166
264
23
23
268
160
231
125
60
117
56
85
134
65
125
28
64
94
97
31
72
100
110
83
127
25
264
22
20
22
189
269
22
264
268
25
25
19
17
20
25
264
20
20
19
20
19
153
54
247
67
116
222
126
25
265
268
25
25
265
22
264
21
269
21
264
264
25
268
268
21
265
21
24
30
105
70
61
105
102
81
241
71
78
65
55
65
81
118
98
64
72
117
124
121
126
37
124
181
265
268
23
25
20
18
33
265
25
265
265
24
20
268
25
264
25
21
268
24
264
20
23
180
264
25
21
264
158
268
20
268
265
25
225
99
137
71
80
64
190
268
137
143
95
101
150
33
17
26
89
15
330
299
264
174
21
265
20
18
264
264
25
264
24
267
22
24
264
20
267
263
20
23
16
264
160
25
264
24
26
220
255
18
187
39
22
368
101
137
33
268
25
21
25
25
177
71
46
100
175
73
264
21
21
19
29
157
268
22
264
24
264
25
21
25
265
269
25
25
19
24
23
268
25
265
264
25
265
268
21
20
264
25
24
25
23
265
268
24
268
25
268
24
25
267
268
23
15
68
58
138
38
25
23
268
22
264
160
25
16
71
24
264
264
21
267
20
221
20
25
25
24
17
56
64
111
105
51
53
87
147
71
44
52
111
28
15
269
26
21
50
24
264
20
25
268
268
21
268
160
15
25
40
276
35
21
21
174
19
17
21
265
21
