264
267
24
24
24
265
25
264
268
23
24
25
22
264
268
25
268
25
265
20
264
268
268
20
25
268
264
24
264
25
268
20
264
268
25
21
402
165
24
211
16
73
24
25
264
24
264
264
25
18
264
24
24
268
21
25
265
158
23
24
264
160
156
111
136
37
71
110
49
30
16
110
71
73
258
92
75
43
65
119
94
108
306
22
268
20
17
75
31
48
20
16
401
34
25
188
16
18
25
265
23
268
21
268
157
268
25
268
24
17
268
25
25
21
268
332
24
264
265
24
25
24
24
24
119
61
143
58
252
25
268
25
267
24
25
24
18
264
24
25
268
264
22
265
157
25
21
149
48
131
225
112
129
70
63
133
127
96
190
72
138
33
116
35
79
96
55
159
20
264
20
264
22
268
15
264
267
23
264
20
24
264
264
25
24
264
23
265
21
25
138
34
207
106
139
45
81
87
207
113
145
45
126
65
364
66
124
107
122
64
113
66
124
102
209
114
74
43
103
71
121
65
75
113
83
123
118
107
272
205
20
264
25
267
20
20
268
268
264
21
268
20
20
268
25
26
264
264
24
267
23
26
268
25
110
83
116
96
55
65
69
174
88
25
268
24
264
22
268
265
20
15
264
160
21
267
268
175
264
25
264
24
25
56
78
74
185
122
19
24
24
165
87
123
62
129
110
49
64
79
21
15
30
15
25
240
56
70
126
70
152
160
198
264
25
23
264
23
20
24
268
21
256
21
24
24
264
25
21
268
20
264
268
15
173
70
35
104
94
55
68
112
120
89
44
25
264
268
20
24
267
24
25
20
149
84
75
118
131
36
69
119
92
129
64
130
130
19
64
127
79
50
53
91
95
61
126
30
75
60
65
92
60
381
130
67
114
113
64
71
64
63
60
77
99
64
118
182
64
24
20
267
23
264
264
25
268
24
21
268
21
264
268
21
265
20
268
20
22
264
25
264
25
268
268
20
268
24
23
23
264
268
21
268
24
264
21
264
264
24
264
268
20
25
264
25
20
267
268
231
24
264
266
20
267
20
25
265
268
22
268
25
36
21
97
183
220
268
268
21
267
268
24
268
21
24
21
264
268
268
21
265
25
25
264
25
23
21
20
264
25
264
157
23
25
25
267
264
23
264
21
24
264
20
267
20
267
20
17
24
156
25
264
160
25
268
158
20
80
66
200
21
264
265
25
23
264
24
20
24
267
24
268
24
26
266
24
20
23
264
24
23
264
268
24
264
24
267
20
21
267
24
265
24
24
24
264
25
268
25
20
267
20
22
25
26
165
207
18
207
19
73
65
123
120
72
96
263
25
268
22
27
25
21
264
221
20
267
268
25
25
20
25
268
15
26
21
105
108
76
61
32
118
22
102
111
131
65
95
130
20
53
40
94
113
37
81
55
126
65
170
178
79
126
221
204
268
25
24
268
264
21
25
15
273
20
158
21
268
24
268
268
25
267
265
23
22
264
156
268
24
25
264
264
24
268
22
21
268
158
264
24
24
264
157
264
24
268
267
25
267
24
20
264
20
265
22
268
24
264
25
26
264
20
264
268
25
264
