268
25
21
20
265
25
268
268
21
268
25
22
267
267
25
21
264
267
264
25
24
24
21
268
264
25
268
264
25
23
25
268
24
25
25
267
221
264
25
264
268
25
24
265
22
268
21
21
25
23
267
21
20
21
264
25
19
18
21
166
267
19
25
268
21
264
21
264
20
264
20
268
56
20
21
265
265
20
268
21
22
24
56
81
127
119
64
381
95
130
32
55
119
210
111
110
119
87
69
75
136
22
102
71
114
133
39
56
103
55
117
129
14
114
114
72
409
268
267
226
25
25
24
23
263
267
22
268
25
267
20
19
239
182
114
114
268
25
24
19
142
35
174
204
268
322
26
245
25
16
124
151
264
267
17
25
223
268
268
160
20
24
267
237
17
154
27
264
158
24
16
18
267
23
25
15
24
264
25
24
20
24
264
265
24
325
38
140
67
110
126
65
81
128
28
56
20
151
157
163
57
125
35
119
40
87
78
28
103
127
64
135
64
103
86
64
68
32
132
119
37
185
73
21
36
153
25
267
148
39
124
42
98
115
449
62
75
105
109
122
37
130
20
71
20
265
264
267
24
19
194
87
43
265
265
22
268
160
20
23
265
25
24
268
20
264
21
265
157
20
58
137
267
25
19
267
25
21
25
264
158
264
265
23
19
268
25
22
19
20
22
19
268
246
268
21
25
264
24
21
267
15
20
33
161
268
19
267
156
273
22
267
268
25
267
24
25
264
328
24
25
267
267
21
264
268
22
18
119
21
51
268
258
23
268
264
22
268
21
181
25
265
21
264
25
23
20
20
264
257
25
267
25
25
20
21
234
25
267
25
268
20
264
19
22
22
267
160
56
72
75
19
99
114
273
268
268
25
268
24
17
21
23
267
268
81
103
140
73
106
116
103
112
14
100
84
64
72
61
137
90
64
75
90
126
65
171
56
38
70
134
34
57
24
118
93
68
64
184
25
24
20
267
268
25
25
265
20
267
21
264
21
157
268
25
264
267
20
264
268
25
264
20
22
264
23
21
264
24
264
24
268
268
24
172
264
264
25
21
20
64
78
192
81
230
264
121
20
51
243
268
158
105
46
66
25
168
55
387
84
144
47
119
33
64
76
137
35
148
43
118
98
48
112
40
105
29
117
281
24
219
173
264
24
268
160
25
264
24
264
18
75
25
268
23
20
265
264
20
20
21
264
268
22
268
117
19
33
29
25
264
19
261
97
126
270
32
108
54
125
65
48
20
61
74
58
67
150
316
73
25
21
205
61
111
67
124
129
17
114
116
28
309
82
20
25
267
23
264
26
22
265
264
25
264
268
25
267
20
20
264
15
24
267
25
268
24
20
264
21
264
265
24
268
25
25
264
24
264
24
20
267
265
25
268
268
264
24
268
264
20
267
264
24
267
264
24
264
24
199
267
159
20
264
268
267
24
267
20
263
21
268
21
264
20
25
21
191
20
55
63
16
62
181
267
20
267
25
268
268
15
273
260
268
21
21
221
153
264
42
264
17
134
268
53
25
266
180
267
25
160
48
34
15
15
270
179
94
265
20
23
25
24
264
24
264
25
21
264
25
24
268
21
268
160
264
264
25
264
20
264
160
19
25
24
267
268
22
267
24
264
24
25
264
23
265
25
268
17
20
264
25
19
32
265
25
265
264
268
22
264
268
21
25
268
22
264
160
264
268
264
25
268
25
20
268
25
236
268
25
264
25
267
25
265
160
264
23
267
25
264
25
265
265
23
265
268
22
23
265
158
23
268
156
25
220
264
25
265
25
268
20
268
264
24
264
268
264
20
212
25
22
264
20
25
23
268
25
20
18
24
24
265
25
20
21
265
25
25
264
268
23
264
265
25
25
268
25
25
20
304
120
61
95
106
64
118
121
36
67
75
118
118
19
114
48
163
51
98
111
88
122
129
97
266
65
67
94
106
74
21
23
19
267
263
21
268
20
185
20
267
264
24
267
21
24
17
17
20
264
23
206
20
267
20
267
20
264
267
25
268
25
24
264
24
267
25
264
25
268
20
24
25
268
25
25
264
264
25
21
346
264
25
264
264
157
268
26
255
24
171
15
49
265
24
268
267
22
264
25
268
268
22
25
15
22
25
39
16
31
264
268
24
264
268
21
21
25
24
18
43
148
264
158
264
19
22
21
268
21
25
20
20
102
23
71
121
197
28
124
49
98
68
75
112
121
129
83
48
51
23
268
25
264
20
267
21
268
24
265
21
25
25
268
21
268
25
23
20
230
21
166
268
25
265
20
268
21
24
268
24
267
23
268
24
264
25
24
204
267
18
20
20
264
21
152
268
25
21
264
25
25
268
25
267
21
20
268
20
264
264
264
23
320
268
24
264
160
25
268
268
24
267
24
264
20
264
21
264
21
27
264
264
24
263
24
24
17
264
160
268
24
25
22
264
25
268
24
22
267
264
25
25
264
264
21
25
