263
24
185
25
267
264
24
268
23
23
21
264
24
267
25
267
20
264
268
267
19
264
23
25
264
25
21
268
264
24
268
25
21
472
20
264
25
23
268
267
21
264
267
25
264
25
21
402
184
267
25
268
21
263
19
267
185
220
264
25
268
25
21
21
268
264
25
25
267
20
264
24
21
25
20
267
158
267
25
264
25
264
21
22
264
23
268
25
264
25
266
25
25
268
264
25
264
20
268
20
21
20
25
22
265
21
25
25
25
268
268
21
265
20
21
25
264
265
25
264
25
268
25
267
25
268
25
25
264
21
264
267
21
268
265
23
268
21
21
264
332
25
267
21
26
21
21
265
25
268
25
24
24
25
268
265
23
265
21
208
264
21
25
264
24
264
21
244
268
25
20
19
267
265
25
264
268
268
25
268
25
20
267
22
267
25
23
25
268
20
25
264
268
25
264
23
267
23
26
268
24
24
264
25
268
25
268
25
267
160
268
264
264
21
264
25
21
19
267
160
20
21
268
20
264
264
25
180
25
265
22
25
265
24
268
20
24
264
24
268
21
264
20
268
20
264
24
264
24
263
21
264
24
228
264
267
24
263
23
264
157
264
21
264
22
268
21
20
25
55
92
151
25
268
264
24
268
23
25
268
25
21
264
264
23
264
25
23
264
25
22
268
25
269
161
25
21
18
264
23
20
268
23
268
160
264
21
268
25
21
265
21
267
23
25
23
264
25
25
55
164
25
34
21
23
25
265
20
173
211
104
19
21
21
268
22
24
25
264
264
24
268
24
26
264
20
263
21
264
21
267
157
19
25
20
243
267
25
267
265
24
264
24
22
20
25
268
25
265
268
21
23
267
21
21
264
21
268
25
184
25
21
25
268
268
25
21
264
25
21
268
160
264
268
268
25
25
268
25
25
253
24
268
24
220
24
25
25
206
264
24
80
20
33
16
264
24
22
264
157
25
24
268
173
23
20
264
24
27
140
264
20
268
20
22
267
20
268
25
20
264
24
265
25
34
34
264
25
265
21
24
265
264
24
22
25
25
20
268
20
185
25
268
24
258
267
21
267
25
265
20
25
264
24
22
267
265
20
19
374
117
138
165
88
145
113
61
74
109
115
97
121
203
180
25
23
24
267
267
21
264
20
25
264
268
24
264
268
25
264
96
178
66
15
24
23
206
267
25
264
264
21
268
25
23
264
20
264
264
25
268
25
268
19
25
20
47
120
264
25
264
22
268
25
264
264
20
267
24
264
24
264
25
264
20
268
265
20
24
26
25
22
188
264
24
268
20
15
268
182
25
265
21
264
265
24
268
264
20
264
25
265
268
21
270
