268
267
22
24
15
264
158
20
20
267
268
25
267
21
25
255
264
188
181
20
127
94
60
125
185
25
268
268
21
15
18
208
387
25
24
20
268
268
24
25
268
168
268
187
74
25
43
264
268
24
268
267
25
20
25
83
87
78
56
125
212
133
174
20
25
264
20
263
268
24
19
21
23
268
264
23
267
264
20
267
267
24
20
268
264
268
24
264
24
264
21
264
20
24
264
25
236
268
265
157
24
264
268
21
264
25
22
267
264
264
25
17
40
46
22
264
156
265
267
21
19
264
24
23
267
264
20
19
19
24
268
20
25
264
264
21
264
22
264
25
264
25
268
20
25
263
24
263
24
215
25
264
267
22
264
20
84
121
55
46
64
112
79
75
202
96
273
34
35
19
264
20
24
17
267
24
25
267
20
264
267
59
35
190
130
107
183
290
181
20
14
18
25
23
264
156
19
212
42
110
27
20
69
264
20
264
24
15
264
24
15
24
15
269
27
264
25
138
25
26
41
265
15
25
268
264
149
25
264
215
264
25
20
268
268
124
69
86
147
81
20
55
183
264
268
20
24
268
24
25
19
33
24
264
264
23
267
20
264
264
20
27
267
88
21
19
75
106
25
25
36
156
34
267
158
134
40
76
89
111
24
265
24
268
266
25
24
267
20
19
14
21
19
25
44
25
249
33
125
36
24
18
269
27
27
24
264
157
23
25
18
264
332
223
25
267
264
25
264
20
265
101
24
268
158
19
20
264
25
267
20
205
264
268
22
184
267
20
264
25
24
19
264
160
25
20
268
24
264
264
20
24
21
86
25
25
19
22
21
19
152
78
78
72
61
265
268
268
20
25
20
20
20
49
268
21
20
16
263
20
25
268
268
160
25
267
267
25
66
191
24
25
264
264
25
20
264
160
18
264
20
15
264
158
18
117
68
129
41
81
87
119
64
121
124
95
115
65
126
27
23
264
21
28
99
90
75
18
177
36
18
211
102
100
87
67
119
56
191
360
188
253
35
71
91
72
115
17
84
80
291
268
157
30
54
24
15
290
50
125
70
55
70
102
107
130
55
99
55
119
119
171
264
21
268
159
19
25
41
19
120
15
54
72
166
264
24
268
21
264
264
23
184
22
264
25
21
17
24
267
23
263
24
21
267
20
44
25
241
145
35
497
47
95
80
190
150
59
267
159
24
20
268
23
263
267
24
264
25
23
19
118
365
80
103
120
49
110
63
126
33
16
24
264
264
25
25
150
70
121
95
95
134
17
131
267
25
132
25
20
19
20
264
25
20
24
264
24
268
264
25
17
26
137
49
267
20
240
64
89
64
130
83
113
115
91
64
48
64
95
128
332
104
20
25
24
25
24
401
268
21
264
24
264
24
25
264
25
25
264
20
151
198
20
25
264
158
268
23
22
119
85
20
29
26
264
25
25
268
264
25
20
25
22
25
20
19
24
24
264
160
267
268
20
267
267
20
264
264
158
21
264
159
337
122
14
142
15
27
30
264
161
21
264
25
24
331
20
21
267
264
20
25
264
24
264
221
24
264
21
268
25
25
264
268
24
265
24
157
268
24
278
128
264
61
91
70
40
15
26
91
268
24
267
20
25
264
22
267
267
22
267
24
24
15
22
19
24
268
25
22
268
20
208
21
268
25
268
267
24
17
19
25
41
19
28
32
25
19
20
24
264
160
33
65
267
19
267
22
268
264
20
17
21
156
264
24
134
25
24
268
159
264
25
20
21
267
19
25
267
69
264
25
24
264
24
268
55
25
19
23
20
20
21
19
18
25
264
160
20
264
264
23
24
267
264
264
361
112
70
127
48
79
88
136
56
111
79
96
89
162
125
49
116
18
105
144
40
73
41
263
158
268
25
15
170
264
21
264
24
24
267
22
267
263
156
267
25
19
21
16
25
25
42
264
267
24
268
20
20
21
268
158
18
25
19
26
20
34
25
75
87
140
88
125
56
95
103
129
256
33
119
68
130
64
98
64
72
130
55
85
24
75
103
119
55
111
304
69
101
127
153
268
25
21
24
268
21
267
25
21
268
25
19
265
25
264
22
20
24
268
24
25
264
25
