191
338
94
99
341
341
94
98
95
95
93
338
98
99
341
97
98
98
94
337
310
338
342
95
338
98
341
96
98
94
95
338
96
338
95
331
94
337
96
338
93
97
95
337
316
95
340
98
98
341
338
98
338
94
98
338
341
100
97
98
99
338
98
337
95
337
94
338
94
227
338
96
99
98
338
300
191
341
99
338
99
230
98
238
341
99
341
99
99
328
338
94
338
99
337
337
95
338
97
339
99
337
341
96
98
98
337
276
99
98
97
205
339
189
94
98
96
341
98
337
99
337
94
99
94
99
290
337
98
99
341
95
337
99
189
338
98
99
341
341
338
94
94
300
337
341
96
337
338
98
98
98
337
338
341
95
96
341
337
95
337
98
98
74
103
186
72
103
95
341
337
242
94
341
229
98
337
98
98
341
341
315
98
341
337
229
98
337
99
17
98
98
341
338
99
337
98
338
98
341
95
98
99
338
341
97
298
341
97
158
169
57
195
79
192
341
95
337
98
96
119
14
337
197
97
341
98
150
341
99
94
337
95
236
185
94
342
99
341
98
98
98
341
337
97
247
341
337
96
94
266
337
98
96
338
337
92
99
316
95
98
341
98
89
341
97
341
184
96
337
99
94
101
114
176
159
338
94
99
97
94
94
341
91
99
99
259
341
95
99
94
95
341
337
101
98
224
99
97
252
137
191
70
129
18
81
97
103
99
112
262
64
128
108
256
56
89
105
90
210
192
104
113
50
99
341
291
337
95
341
99
341
238
134
318
95
128
94
107
92
341
98
95
341
341
99
258
341
98
227
342
99
338
315
96
95
93
94
87
118
89
341
346
338
94
341
97
94
341
266
94
98
93
94
182
95
96
341
98
95
230
338
98
340
94
98
98
97
337
230
95
95
338
98
98
341
99
341
98
341
98
150
337
258
337
97
341
338
94
336
341
94
338
98
95
341
95
93
341
99
341
97
337
95
94
342
99
260
341
98
341
99
95
338
338
94
192
199
99
323
342
341
94
318
338
338
275
341
98
339
98
95
206
341
96
330
337
98
341
341
93
98
98
94
338
182
70
98
94
341
94
95
97
341
341
99
97
338
99
94
99
98
98
