215
176
177
49
422
177
177
177
47
421
176
420
173
50
417
184
177
51
177
243
177
177
173
420
173
420
173
177
171
35
87
43
30
35
75
105
31
100
30
93
82
33
121
36
43
30
35
37
127
37
127
41
95
30
48
111
134
43
30
91
178
78
111
31
81
109
100
31
31
134
65
33
113
64
421
420
174
416
177
173
44
177
176
417
175
173
420
184
177
173
416
417
177
50
417
177
177
420
417
174
54
420
177
173
177
92
218
17
187
173
36
178
172
79
421
177
417
177
173
420
173
420
417
177
50
421
421
173
177
420
173
176
420
173
50
230
173
177
177
420
53
258
177
416
177
178
177
176
417
177
177
356
50
35
48
135
32
52
52
64
112
55
132
35
127
35
35
52
152
80
276
64
49
264
42
30
277
59
48
30
79
33
128
35
65
30
52
132
113
44
30
57
43
90
171
173
177
417
262
177
417
175
172
172
417
177
173
420
44
38
34
127
37
39
48
29
56
35
70
80
32
109
30
122
29
35
95
125
26
29
80
134
97
30
65
52
416
47
416
173
177
417
416
174
420
177
421
49
173
180
45
177
177
420
177
50
420
177
48
177
177
51
416
177
43
172
37
20
47
159
31
35
34
42
75
120
18
44
65
35
30
65
35
70
30
48
49
43
35
49
56
46
127
46
49
175
177
51
420
177
416
173
177
417
173
420
173
282
417
173
417
177
50
173
173
420
188
421
177
45
417
270
175
17
173
177
420
199
417
173
176
421
177
417
173
49
184
173
172
417
183
420
140
130
30
135
172
177
173
176
177
420
177
177
420
229
177
49
51
417
176
173
416
173
54
177
174
417
177
420
420
173
51
421
173
177
51
44
176
185
173
417
175
177
172
417
416
209
180
416
182
177
176
417
274
421
173
176
417
177
172
417
177
420
176
420
177
171
417
185
177
150
420
420
173
38
72
137
170
191
417
181
176
177
177
47
259
157
170
168
80
66
420
173
51
417
173
177
420
177
420
39
156
156
294
36
48
35
35
112
127
64
47
111
49
233
85
328
119
127
44
30
72
43
108
43
48
48
69
126
110
51
52
176
420
50
420
177
173
177
420
177
420
177
417
173
51
417
177
177
173
416
177
417
177
173
177
176
38
157
435
64
124
30
35
125
46
264
48
36
30
35
134
35
34
111
43
125
35
136
30
43
70
119
36
128
16
64
120
96
43
42
72
30
74
33
91
125
32
67
37
65
30
65
103
29
86
171
134
30
133
46
133
50
49
177
184
175
420
175
174
416
173
177
176
421
234
51
177
172
178
56
55
417
177
51
420
173
177
417
416
173
420
174
417
172
420
177
51
168
177
51
48
173
52
417
173
177
173
177
196
173
49
420
173
176
417
173
420
173
176
137
420
421
174
421
173
211
175
173
48
420
183
49
49
416
173
174
177
295
36
38
48
135
35
35
127
51
29
35
48
127
37
35
35
30
127
35
55
135
35
35
127
33
29
56
29
48
49
30
34
111
289
48
55
47
36
96
43
85
127
64
73
30
136
51
49
417
416
244
177
173
53
420
421
173
51
420
230
174
49
417
173
416
177
49
251
177
314
173
173
49
177
173
420
176
177
420
173
205
421
177
52
416
177
177
44
173
177
417
183
420
175
198
45
174
38
38
66
126
43
81
156
90
158
75
97
183
177
47
416
182
176
173
420
44
35
34
34
49
38
51
51
49
157
34
426
197
176
177
49
171
177
177
420
176
177
259
176
51
172
177
48
420
420
176
420
177
175
103
35
65
157
57
178
422
55
176
43
177
176
420
420
181
173
176
177
174
420
417
173
230
417
421
177
174
417
177
417
259
35
177
44
85
158
71
152
178
177
50
47
177
172
420
173
421
177
175
173
173
420
417
173
416
142
157
143
352
52
201
177
64
48
420
417
176
417
420
179
173
420
173
177
173
173
51
417
261
177
416
170
174
417
177
53
177
177
168
33
145
57
44
420
54
168
163
63
80
295
50
171
56
66
199
173
420
291
51
177
172
421
177
177
50
420
177
420
176
417
177
33
52
177
35
35
36
114
35
158
205
66
126
32
170
306
79
417
178
181
173
52
420
420
177
416
53
177
53
420
189
420
251
173
420
174
54
420
177
48
417
173
