28
27
24
270
270
23
267
28
271
28
267
267
27
267
25
270
28
25
267
24
267
267
23
267
27
267
23
267
271
23
270
270
25
24
25
271
23
271
24
27
271
271
28
24
24
268
267
268
28
271
27
271
28
267
267
24
27
271
23
271
26
28
270
267
24
25
26
268
158
28
23
120
185
105
267
271
25
17
24
24
271
25
270
267
25
28
267
267
28
23
271
24
266
219
271
161
24
270
24
28
27
28
267
28
28
25
267
23
267
23
267
28
267
271
23
267
28
270
28
27
270
23
27
22
21
27
108
189
28
27
23
271
27
27
271
28
27
267
23
27
270
27
26
28
23
270
27
27
267
27
23
18
159
23
39
137
148
28
270
28
28
271
28
268
268
157
271
27
27
18
268
160
28
267
23
26
270
26
27
271
267
160
28
29
271
27
27
267
24
271
25
271
23
28
271
24
271
28
172
267
251
270
24
267
24
270
24
244
23
27
27
25
270
267
28
271
23
26
271
27
270
267
26
271
24
24
271
28
26
271
26
267
28
27
24
267
24
24
271
26
271
267
27
271
271
28
25
271
28
271
267
26
267
27
267
271
28
268
28
24
18
18
27
270
23
28
22
24
24
267
157
48
70
271
25
270
276
270
28
24
267
222
28
271
28
23
267
28
26
267
24
259
267
26
270
23
206
267
30
141
151
41
245
24
27
181
270
25
270
28
270
27
24
271
23
198
267
29
24
28
237
70
134
126
70
182
118
34
28
267
23
24
271
262
70
88
115
89
27
40
113
185
177
28
27
21
23
267
27
270
27
23
72
103
64
125
56
115
91
75
71
98
120
70
71
127
17
27
28
267
28
267
270
27
190
267
267
27
25
267
28
244
267
28
24
18
127
23
270
24
97
28
456
267
27
267
28
267
267
158
27
270
28
153
267
25
27
267
23
23
271
27
27
17
23
23
267
27
271
27
271
27
270
188
267
267
27
23
17
268
27
26
270
27
28
267
266
23
267
24
25
23
27
27
270
267
26
267
267
161
24
23
23
21
53
110
128
39
71
112
116
128
43
64
89
95
106
73
191
82
20
25
28
163
105
83
22
28
267
271
25
267
27
17
24
26
270
167
270
270
28
21
129
153
26
270
28
28
271
267
28
271
28
271
24
270
23
267
267
23
27
27
271
267
28
268
18
28
24
268
24
23
246
270
27
28
268
27
267
268
28
26
27
24
271
28
267
23
27
25
24
23
267
27
267
27
267
27
270
271
24
26
267
277
267
28
267
27
137
102
128
69
149
107
139
144
266
27
267
24
271
27
28
270
270
27
23
23
18
27
27
27
27
315
267
271
27
270
23
271
25
267
23
345
267
23
466
271
23
267
28
19
160
25
271
267
27
267
28
267
28
267
28
27
271
28
180
28
270
28
27
267
27
271
28
271
180
23
268
24
23
27
24
271
23
270
28
24
337
267
28
270
28
267
160
24
24
27
267
268
23
271
267
27
270
24
88
223
267
28
