22
26
22
265
269
23
22
270
269
26
269
26
158
269
25
269
23
266
24
269
270
113
61
113
24
84
99
135
65
128
27
110
25
123
64
376
124
126
14
103
65
64
97
104
127
107
92
80
49
49
125
25
53
127
268
212
269
26
269
24
269
353
27
211
24
269
26
269
266
269
266
22
17
26
26
270
269
26
26
220
266
26
26
266
269
265
27
269
22
21
26
26
266
265
22
265
26
26
265
22
23
20
270
26
265
22
266
26
227
270
265
265
22
270
22
269
26
23
27
16
26
19
21
25
269
22
26
23
266
26
266
26
22
17
270
26
265
22
265
22
269
21
26
24
269
269
26
265
22
266
21
266
26
25
21
21
273
34
26
26
265
266
22
266
21
22
269
270
22
26
268
22
269
26
67
32
184
22
22
265
251
26
236
269
22
24
22
17
27
41
18
27
21
39
266
26
26
21
31
43
17
20
17
196
111
100
38
187
152
28
265
22
23
266
268
25
269
22
265
159
19
26
237
269
26
22
269
265
22
127
14
91
72
113
116
135
259
104
103
48
71
55
110
65
73
126
90
114
110
23
115
115
260
56
123
139
87
74
48
123
126
125
84
87
108
119
71
104
111
65
119
87
127
361
286
26
181
265
24
270
26
26
25
42
217
80
42
269
25
26
266
22
26
265
22
22
265
24
269
26
156
25
57
265
205
267
18
102
256
70
65
127
65
80
64
64
134
65
105
259
65
110
49
37
116
114
69
111
14
127
111
59
126
115
56
56
124
96
117
162
70
267
34
127
18
71
111
100
180
29
270
269
21
17
22
26
21
270
269
22
266
22
266
22
266
26
21
270
26
266
269
26
21
30
67
20
270
269
26
269
27
24
269
270
26
26
266
157
22
269
28
21
19
26
26
266
266
21
269
158
265
22
22
266
159
26
24
26
23
17
236
72
64
17
157
49
266
22
266
21
26
26
210
111
103
141
92
82
68
93
80
108
120
27
115
111
76
126
56
117
71
108
61
118
112
191
43
100
116
80
362
270
266
25
277
26
158
21
24
269
26
269
270
25
26
266
22
24
17
27
71
79
33
176
26
269
22
25
265
266
26
266
26
27
26
19
196
82
21
32
269
24
21
22
25
17
269
219
265
26
268
269
26
265
26
18
269
265
26
25
26
22
269
21
270
22
265
269
26
265
269
269
150
22
28
26
265
22
26
16
17
27
32
26
265
21
265
265
22
21
21
21
32
35
317
269
21
25
269
23
266
26
26
270
269
25
266
322
21
274
26
22
270
32
26
20
21
21
266
21
269
22
266
22
22
269
26
26
167
62
52
65
126
47
36
89
127
138
17
270
266
26
27
269
22
26
24
265
265
26
269
22
21
266
26
21
23
189
265
26
22
22
270
17
21
21
267
269
269
22
26
22
266
22
269
25
27
270
21
22
23
266
269
25
266
266
26
22
17
26
26
266
26
270
22
213
269
26
24
269
26
21
21
22
269
267
24
269
21
26
224
61
128
124
95
126
270
41
17
25
270
26
17
266
159
265
270
27
337
266
159
265
26
270
26
26
269
265
22
20
31
25
27
82
40
138
24
23
120
70
80
132
103
111
86
82
102
65
120
88
77
79
91
127
14
65
98
68
122
185
245
27
269
269
26
26
26
266
27
265
23
22
271
265
22
270
26
22
19
275
32
26
20
269
160
265
26
26
21
27
145
270
23
269
167
269
21
27
265
27
18
25
56
134
95
16
27
87
21
26
181
58
104
389
270
157
26
22
26
265
26
26
22
265
269
157
26
22
153
60
19
152
21
14
21
22
269
26
265
26
22
269
22
266
22
265
22
151
269
22
26
23
19
266
159
26
26
269
266
26
22
265
158
265
26
17
81
266
26
332
266
26
246
21
22
266
270
266
270
160
270
22
22
22
266
26
26
21
27
215
95
190
266
27
26
22
266
22
22
17
159
79
23
270
25
269
265
22
26
269
269
22
269
27
62
50
59
300
22
266
26
22
265
22
267
269
26
26
270
269
26
25
270
266
23
21
45
160
266
270
27
26
22
26
269
22
26
22
26
25
18
42
21
33
266
157
22
90
352
62
113
22
197
113
203
43
266
26
24
269
22
269
269
27
24
270
27
