23
215
265
25
20
20
26
265
25
269
22
24
176
70
28
267
43
180
23
23
269
245
203
26
22
270
26
269
269
23
26
22
21
26
269
269
22
265
22
269
159
269
259
26
17
270
24
266
26
269
160
26
26
266
228
42
108
64
125
127
197
81
26
266
22
26
269
26
265
21
269
269
26
269
26
167
269
25
269
23
18
269
26
269
26
22
23
269
270
22
270
251
26
25
265
26
22
266
266
22
26
269
26
23
269
22
269
160
269
24
269
21
269
22
22
19
269
26
269
266
26
20
26
25
331
26
266
269
26
26
27
265
269
21
20
270
269
26
270
23
22
266
26
22
269
265
26
269
266
21
269
21
266
159
265
22
266
265
26
25
269
26
269
22
22
265
269
22
266
22
21
269
21
269
26
26
21
269
157
22
22
17
369
101
109
166
21
266
23
19
265
22
269
24
269
22
269
26
167
270
26
22
288
127
84
103
65
267
65
133
66
127
65
109
112
128
65
111
65
70
113
127
57
138
189
25
269
265
26
25
269
158
22
88
49
55
98
199
40
269
26
26
295
70
81
103
128
39
117
44
65
113
159
120
129
96
127
127
19
33
62
66
90
90
72
112
96
181
26
266
23
21
19
269
158
263
322
68
33
132
30
117
70
97
65
96
351
66
119
101
103
222
144
21
22
16
269
161
270
26
21
25
47
73
269
269
22
270
21
265
27
26
266
18
26
41
138
21
51
269
22
26
266
269
259
23
269
22
22
97
144
64
169
55
64
111
55
100
106
42
121
73
93
112
67
118
108
30
121
65
55
179
17
266
266
22
144
88
28
26
21
26
265
26
266
23
146
39
248
26
33
46
89
266
18
22
283
43
269
22
269
26
26
64
89
125
17
55
39
111
60
71
107
132
65
73
126
19
70
34
127
55
82
49
64
73
119
74
144
26
21
265
269
26
266
26
27
287
210
123
182
129
128
120
27
120
242
133
25
48
266
34
21
192
72
145
95
44
127
96
112
65
118
88
266
403
33
266
227
70
157
73
127
20
34
17
270
26
23
26
265
269
22
266
26
21
26
266
22
269
269
26
269
26
269
22
26
266
269
26
269
22
22
158
265
26
26
21
51
103
119
25
21
268
38
266
26
265
23
21
269
26
269
26
270
26
265
265
23
269
23
269
157
21
26
26
265
26
21
269
26
270
26
269
22
264
265
270
26
269
21
25
16
18
175
66
55
112
24
120
70
81
127
109
294
66
57
118
41
268
28
103
104
70
96
65
17
96
111
330
265
268
269
21
269
21
270
23
24
269
266
26
166
65
138
117
26
265
266
22
23
17
26
26
266
269
21
269
26
22
18
53
171
88
69
96
40
401
26
266
26
266
269
26
266
26
22
21
266
23
266
26
269
21
24
21
26
270
266
25
266
26
266
19
19
26
270
26
266
22
23
269
266
27
265
25
269
22
26
24
266
26
265
27
269
26
26
266
23
266
266
21
269
269
266
21
270
156
266
26
269
24
266
26
21
269
269
25
265
22
25
269
159
266
23
26
269
26
269
26
22
269
265
26
269
22
270
21
269
26
269
265
26
270
24
269
26
332
26
24
269
26
266
25
265
22
22
26
22
266
265
161
25
20
26
22
269
158
266
26
22
269
274
269
20
268
173
151
26
26
266
156
21
21
269
269
26
265
269
21
265
25
26
269
22
265
24
266
25
26
265
265
23
266
25
21
266
26
266
22
265
26
22
176
269
23
27
269
244
21
16
262
124
101
177
126
34
25
125
56
25
271
42
126
119
76
263
117
84
32
221
23
269
265
265
26
25
269
26
269
266
22
265
26
21
26
26
266
26
269
27
17
21
331
26
269
244
61
43
17
18
26
26
270
