98
314
341
95
341
97
337
73
117
119
40
40
94
103
93
98
98
184
96
93
100
92
221
94
229
341
338
95
96
338
98
337
230
341
94
96
343
94
94
97
341
269
98
97
338
228
337
289
341
94
90
90
338
228
173
179
73
111
93
97
85
97
63
335
120
192
140
88
88
107
111
219
173
94
182
94
341
94
94
89
92
78
70
72
197
124
65
261
116
127
74
81
138
184
162
341
94
337
338
94
98
93
191
98
93
341
338
278
94
93
341
230
89
110
98
93
94
338
91
94
94
89
81
119
25
206
127
74
17
97
39
112
262
339
94
97
98
98
17
73
95
52
237
341
94
98
338
98
98
17
244
341
98
341
94
98
305
337
338
94
337
98
97
338
341
94
181
98
96
337
337
94
337
93
340
94
98
208
337
298
98
95
219
337
98
337
94
340
337
98
98
181
95
94
166
157
93
341
341
98
337
94
95
341
341
95
17
339
97
222
337
94
325
98
341
204
119
70
73
119
64
55
95
55
93
192
88
341
253
98
89
100
191
79
93
203
89
341
230
341
94
96
98
93
109
205
104
20
99
165
102
337
337
188
74
144
99
200
99
129
191
268
338
94
99
252
338
99
237
337
98
337
131
94
237
341
231
337
98
338
227
94
331
338
95
98
89
102
91
341
231
94
93
341
341
67
118
206
65
260
127
65
112
70
122
55
120
112
128
65
125
97
463
159
98
94
98
95
337
341
98
337
97
96
341
341
98
340
97
337
