18301
18255
18255
18256
18255
18251
18254
18252
18249
18285
18254
18263
18257
18253
18251
18255
18253
18247
18251
18250
18249
18251
18250
18251
18251
18282
18250
18253
18250
18250
18251
18250
18249
18254
18254
18249
18253
18249
18253
18256
18251
18248
18255
18250
18250
18252
18248
18286
18252
18249
18249
18248
18249
18246
18249
18251
18250
18252
18252
18248
18254
18251
18246
18251
18249
18247
18252
18250
18249
18249
18251
18248
18286
18254
18248
18284
18250
18250
18250
18254
18251
18257
18286
18257
18256
18255
18253
18256
18255
18252
18325
18320
18319
18324
18324
18322
18325
18324
18322
18326
18322
18323
18325
18324
18324
18363
18325
18321
18326
18322
18325
18325
18323
18325
18326
18326
18323
18330
18327
18327
18332
18327
18328
18339
18327
18328
18363
18331
18329
18331
18326
18327
18327
18329
18376
18329
18327
18325
18327
18327
18328
18331
18328
18328
18330
18330
18328
18330
18328
18328
18330
18326
18322
18330
18328
18326
18330
18330
18329
18330
18328
18325
18328
18325
18326
18326
18326
18327
18354
18357
18323
18326
18324
18324
18328
18326
18323
18335
18357
18324
18326
18326
18326
18380
18359
18354
18326
18325
18323
18325
18323
18330
18336
18325
18323
18326
18324
18322
18325
18323
18323
18327
18320
18320
18324
18323
18319
18327
18319
18320
18324
18323
18320
18357
18325
18323
18326
18332
18321
18328
18324
18322
18326
18333
18354
18324
18321
18320
18322
18321
18320
18333
18320
18319
18323
18319
18321
18334
18320
18320
18323
18321
18322
18323
18318
18320
18326
18321
18316
18319
18321
18319
18319
18319
18317
18323
18318
18316
18321
18320
18316
18320
18320
18320
18321
18319
18318
18319
18320
18327
18254
18253
18253
18257
18254
18254
18255
18283
18254
18257
18256
18252
18257
18251
18251
18254
18254
18252
18255
18254
18253
18290
18258
18256
18255
18253
18254
18253
18258
18254
18322
18322
18322
18326
18323
18322
18325
18322
18320
18323
18323
18320
18325
18323
18320
18325
18322
18320
18325
18321
18323
18325
18323
18325
18323
18323
18322
18326
18322
18323
18257
18257
18256
18273
18257
18253
18293
18257
18289
18258
18256
18254
18256
18254
18252
18257
18256
18254
18258
18256
18255
18261
18259
18255
18261
18259
18258
18258
18258
18256
18325
18324
18320
18324
18325
18321
18324
18325
18321
18324
18323
18322
18324
18323
18322
18324
18332
18324
18323
18323
18321
18357
18322
18319
18323
18321
18320
18329
18319
18320
18355
18319
18319
18323
18320
18315
18320
18317
18327
18330
18318
18320
18321
18320
18316
18319
18318
18317
18318
18318
18313
18316
18318
18313
18351
18317
18314
18313
18316
18313
18319
18313
18313
18317
18312
18315
18317
18316
18311
18317
18316
18315
18316
18318
18314
18319
18318
18316
18319
18315
18316
18356
18317
18315
18320
18317
18316
18319
18313
18318
18254
18267
18250
18252
18252
18250
18254
18250
18250
18252
18254
18257
18256
18260
18257
18285
18253
18257
18259
18255
18287
18255
18257
18253
18258
18255
18255
18259
18258
18255
18257
18258
18256
18258
18256
18254
18257
18257
18256
18296
18254
18255
18258
18256
18254
18255
18255
18287
18257
18286
18256
18256
18254
18254
18265
18262
18262
18256
18256
18254
18255
18255
18283
18257
18256
18256
18255
18255
18255
18257
18256
18279
18257
18286
18309
18259
18256
18254
18257
18258
18252
18257
18255
18254
18283
18255
18254
18256
18259
18256
18323
18323
18321
18324
18326
18322
18326
18324
18326
18322
18322
18321
18323
18321
18321
18326
18323
18325
18326
18323
18319
18325
18321
18321
18326
18327
18319
18326
18324
18321
18324
18323
18323
18326
18324
18324
18327
18324
18334
18326
18325
18327
18327
18325
18325
18325
18325
18325
18324
18322
18324
18326
18322
18323
18326
18323
18323
18328
18325
18324
18355
18322
18357
18328
18358
18324
18327
18328
18324
18359
18325
18324
18325
18324
18325
18329
18323
18324
18328
18321
18321
18350
18325
18321
18325
18325
18326
18357
18325
18320
18325
18323
18337
18323
18323
18322
18323
18319
18322
18325
18325
18321
18326
18325
18319
18321
18361
18322
18322
18324
18322
18324
18355
18321
18322
18354
18320
18321
18322
18320
18323
18319
18317
18323
18323
18315
18319
18322
18321
18321
18320
18320
18323
18328
18318
18318
18317
18313
18319
18317
18319
18318
18318
18317
18327
18317
18316
18325
18314
18312
18317
18316
18313
18318
18313
18314
18318
18314
18314
18315
18312
18312
18312
18316
18311
18315
18313
18312
18316
18312
18313
18321
18315
18312
18314
18314
18312
18314
18310
18309
18312
18313
18310
18315
18311
18311
18315
18309
18312
18314
18313
18313
18324
18312
18342
18311
18314
18310
18314
18316
18313
18315
18313
18312
18313
18312
18314
18316
18314
18309
18314
18315
18313
18316
18314
18314
18323
18312
18314
18320
18313
18312
18314
18316
18346
18313
18312
18311
18315
18316
18312
18325
18314
18312
18316
18313
18315
18314
18316
18315
18246
18247
18247
18249
18248
18247
18248
18247
18246
18249
18249
18245
18249
18245
18243
18250
18280
18247
18248
18276
18246
18251
18247
18242
18249
18247
18243
18250
18248
18246
18251
18248
18243
18252
18247
18299
18274
18257
18247
18247
18244
18241
18277
18258
18245
18246
18244
18243
18244
18244
18242
18250
18244
18243
18246
18243
18240
18244
18245
18242
18243
18241
18242
18245
18245
18239
18247
18241
18241
18247
18245
18242
18245
18241
18244
18243
18241
18239
18244
18246
18243
18244
18245
18242
18245
18244
18241
18245
18244
18241
18248
18242
18267
18243
18276
18241
18245
18273
18241
18245
18239
18238
18243
18238
18240
18241
18240
18237
18242
18238
18237
18238
18237
18235
18237
18237
18237
18238
18238
18237
18239
18237
18239
18242
18240
18240
18243
18243
18243
18243
18241
18241
18247
18244
18242
18248
18246
18243
18243
18243
18241
18243
18242
18241
18245
18244
18241
18283
18243
18242
18277
18245
18251
18247
18245
18243
18245
18264
18244
18247
18245
18245
18246
18246
18244
18248
18245
18243
18248
18248
18247
18250
18244
18247
18247
18248
18246
18253
18248
18243
18316
18312
18315
18316
18315
18313
18315
18341
18312
18316
18314
18314
18313
18314
18314
18316
18317
18314
18318
18315
18314
18320
18314
18347
18313
18316
18313
18317
18314
18323
18314
18315
18316
18318
18314
18314
18318
18316
18313
18318
